datetime,기온(°C),강수량(mm),풍속(m/s),습도(%),일조(hr),일사(MJ/m2),태양광발전량(MWh),풍력발전량(MWh),전력수요(MWh),출력제한량,출력제한여부
2022-01-16 01:00:00,7.575,0.0,1.45,80.0,0.0,0.0,1.02,18.1,798474.0,0.0,0
2022-01-16 02:00:00,8.175,0.0,4.475,78.75,0.0,0.0,1.01,40.19,760858.0,0.0,0
2022-01-16 03:00:00,8.275,0.2,4.725,79.0,0.0,0.0,0.31,60.09,729180.0,0.0,0
2022-01-16 04:00:00,8.825,0.0,5.475,74.0,0.0,0.0,0.08,85.29,711370.0,0.0,0
2022-01-16 05:00:00,8.85,0.0,4.8,71.25,0.0,0.0,0.05,104.41,708541.0,0.0,0
2022-01-16 06:00:00,8.75,0.0,5.4,67.0,0.0,0.0,0.02,71.61,723992.0,0.0,0
2022-01-16 07:00:00,8.75,0.0,4.375,66.5,0.0,0.0,0.16,81.21,748268.0,0.0,0
2022-01-16 08:00:00,8.55,0.0,4.825,68.0,0.0,0.0,8.75,100.91,767945.0,0.0,0
2022-01-16 09:00:00,8.75,0.0,5.675,70.75,0.0,0.06,25.75,80.14,774824.0,0.0,0
2022-01-16 10:00:00,8.775,0.0,4.7,70.0,0.2,0.365,88.06,87.63,757403.0,0.0,0
2022-01-16 11:00:00,9.5,0.0,5.9,63.75,0.55,0.85,124.75,130.98,662455.0,0.0,0
2022-01-16 12:00:00,9.625,0.0,6.275,59.25,0.7,0.98,129.97,168.76,627796.0,0.0,0
2022-01-16 13:00:00,9.55,0.0,6.95,56.5,0.75,1.06,144.82,148.79,617693.0,11.1,1
2022-01-16 14:00:00,9.275,0.0,6.575,55.0,0.8,1.365,127.87,139.24,594777.0,55.9,1
2022-01-16 15:00:00,7.875,0.0,6.4,57.75,0.775,1.17,100.36,169.43,609582.0,56.3,1
2022-01-16 16:00:00,7.4,0.0,6.2,54.0,0.775,0.845,44.53,187.32,646139.0,9.0,1
2022-01-16 17:00:00,6.3,0.0,5.925,59.75,0.7,0.3,7.2,198.79,746150.0,0.0,0
2022-01-16 18:00:00,5.65,0.0,6.4,60.5,0.275,0.045,3.61,224.3,885492.0,0.0,0
2022-01-16 19:00:00,5.225,0.0,6.1,62.25,0.0,0.0,6.92,219.09,961137.0,0.0,0
2022-01-16 20:00:00,4.875,0.0,5.425,63.5,0.0,0.0,5.47,182.65,965285.0,0.0,0
2022-01-16 21:00:00,4.7,0.0,5.325,63.5,0.0,0.0,3.29,160.53,948670.0,0.0,0
2022-01-16 22:00:00,4.35,0.0,4.7,65.5,0.0,0.0,0.24,161.79,913693.0,0.0,0
2022-01-16 23:00:00,4.55,0.0,4.475,68.5,0.0,0.0,0.0,147.86,892302.0,0.0,0
2022-01-17 00:00:00,4.325,0.0,4.4,66.0,0.0,0.0,0.0,122.56,875848.0,0.0,0
2022-01-28 01:00:00,5.475,0.0,4.1,70.75,0.0,0.0,0.83,169.17,804840.0,0.0,0
2022-01-28 02:00:00,5.225,0.0,4.3,72.5,0.0,0.0,0.83,164.42,764067.0,0.0,0
2022-01-28 03:00:00,5.025,0.0,4.15,74.75,0.0,0.0,0.31,159.71,750612.0,0.0,0
2022-01-28 04:00:00,4.9,0.0,4.425,74.0,0.0,0.0,0.08,180.51,739212.0,0.0,0
2022-01-28 05:00:00,5.0,0.0,4.75,74.75,0.0,0.0,0.0,201.94,741058.0,0.0,0
2022-01-28 06:00:00,5.05,0.0,4.325,73.25,0.0,0.0,0.0,196.07,742257.0,0.0,0
2022-01-28 07:00:00,4.925,0.0,4.5,71.75,0.0,0.0,0.38,190.44,774946.0,0.0,0
2022-01-28 08:00:00,5.0,0.0,4.9,72.5,0.0,0.0,10.98,197.05,827644.0,0.0,0
2022-01-28 09:00:00,5.425,0.0,5.05,71.25,0.025,0.07,65.43,200.21,875535.0,0.0,0
2022-01-28 10:00:00,6.075,0.0,4.275,66.5,0.225,0.435,152.03,167.07,802071.0,0.0,0
2022-01-28 11:00:00,6.525,0.0,4.725,64.25,0.725,1.16,193.94,149.88,706318.0,0.0,0
2022-01-28 12:00:00,7.1,0.0,5.075,62.75,0.825,1.75,188.64,116.29,646721.0,24.4,1
2022-01-28 13:00:00,7.3,0.0,5.05,61.5,0.75,1.62,189.5,130.97,619753.0,60.8,1
2022-01-28 14:00:00,7.65,0.0,4.825,60.75,0.9,1.8,160.22,145.75,615967.0,61.7,1
2022-01-28 15:00:00,7.375,0.0,4.775,61.5,0.8,1.235,121.75,190.8,634046.0,18.2,1
2022-01-28 16:00:00,7.15,0.0,5.6,61.25,0.75,0.8,50.38,193.22,672571.0,0.0,0
2022-01-28 17:00:00,6.3,0.0,5.725,62.0,0.45,0.35,8.65,173.66,766841.0,0.0,0
2022-01-28 18:00:00,5.575,0.0,4.425,64.0,0.025,0.07,3.6,190.61,875396.0,0.0,0
2022-01-28 19:00:00,5.425,0.0,4.475,61.25,0.0,0.0,7.43,182.64,929784.0,0.0,0
2022-01-28 20:00:00,5.15,0.0,3.9,61.5,0.0,0.0,7.29,170.83,918047.0,0.0,0
2022-01-28 21:00:00,5.2,0.0,4.15,62.5,0.0,0.0,5.82,177.5,894664.0,0.0,0
2022-01-28 22:00:00,5.2,0.0,3.775,62.5,0.0,0.0,1.77,186.39,853871.0,0.0,0
2022-01-28 23:00:00,5.0,0.0,4.15,63.5,0.0,0.0,0.27,183.41,831135.0,0.0,0
2022-01-29 00:00:00,5.075,0.0,4.225,64.5,0.0,0.0,0.19,171.38,823946.0,0.0,0
2022-01-29 01:00:00,4.875,0.0,4.35,67.0,0.0,0.0,0.99,164.1,791450.0,0.0,0
2022-01-29 02:00:00,4.875,0.0,3.925,67.5,0.0,0.0,1.08,189.55,753100.0,0.0,0
2022-01-29 03:00:00,4.975,0.0,4.25,70.0,0.0,0.0,0.77,172.08,730415.0,0.0,0
2022-01-29 04:00:00,4.825,0.0,4.45,69.0,0.0,0.0,0.36,157.07,719332.0,0.0,0
2022-01-29 05:00:00,4.8,0.0,3.725,70.25,0.0,0.0,0.05,156.3,723012.0,0.0,0
2022-01-29 06:00:00,4.95,0.0,3.875,72.0,0.0,0.0,0.01,133.6,736455.0,0.0,0
2022-01-29 07:00:00,5.0,0.0,4.175,71.75,0.0,0.0,0.18,122.19,762915.0,0.0,0
2022-01-29 08:00:00,4.925,0.0,4.2,71.75,0.0,0.0,5.96,138.09,788955.0,0.0,0
2022-01-29 09:00:00,5.05,0.0,4.275,69.5,0.0,0.06,29.72,143.43,822521.0,0.0,0
2022-01-29 10:00:00,5.35,0.0,4.05,64.75,0.0,0.27,72.5,144.31,814322.0,0.0,0
2022-01-29 11:00:00,5.7,0.0,4.675,62.75,0.05,0.72,102.45,141.64,735928.0,0.0,0
2022-01-29 12:00:00,6.175,0.0,5.15,62.5,0.325,0.945,127.96,152.52,679182.0,0.0,0
2022-01-29 13:00:00,6.4,0.0,4.425,62.75,0.6,1.085,120.4,144.12,641709.0,0.0,0
2022-01-29 14:00:00,6.3,0.0,4.5,60.75,0.4,1.03,111.64,152.04,638104.0,5.5,1
2022-01-29 15:00:00,6.175,0.0,4.7,55.75,0.575,1.01,87.25,164.58,635898.0,6.3,1
2022-01-29 16:00:00,6.075,0.0,5.25,58.25,0.5,0.735,41.42,181.66,659293.0,0.0,0
2022-01-29 17:00:00,5.625,0.0,4.85,57.0,0.225,0.42,8.55,175.18,728714.0,0.0,0
2022-01-29 18:00:00,5.175,0.0,4.075,56.25,0.025,0.075,3.61,190.26,848861.0,0.0,0
2022-01-29 19:00:00,4.95,0.0,3.9,55.25,0.0,0.0,7.1,180.94,932268.0,0.0,0
2022-01-29 20:00:00,4.825,0.0,4.0,58.25,0.0,0.0,5.54,171.6,929063.0,0.0,0
2022-01-29 21:00:00,4.7,0.0,3.65,58.0,0.0,0.0,1.74,152.87,905443.0,0.0,0
2022-01-29 22:00:00,4.625,0.0,4.05,59.0,0.0,0.0,0.33,154.91,871454.0,0.0,0
2022-01-29 23:00:00,4.65,0.0,4.275,58.25,0.0,0.0,0.19,119.51,851336.0,0.0,0
2022-01-30 00:00:00,4.675,0.0,4.3,61.5,0.0,0.0,0.01,111.55,841381.0,0.0,0
2022-01-30 01:00:00,4.7,0.0,4.275,60.25,0.0,0.0,0.83,139.59,793485.0,0.0,0
2022-01-30 02:00:00,4.625,0.0,4.75,61.0,0.0,0.0,0.89,155.09,753042.0,0.0,0
2022-01-30 03:00:00,4.55,0.0,4.65,61.75,0.0,0.0,0.54,160.62,726096.0,0.0,0
2022-01-30 04:00:00,4.575,0.0,4.45,63.25,0.0,0.0,0.08,148.44,714244.0,0.0,0
2022-01-30 05:00:00,4.55,0.0,4.325,63.5,0.0,0.0,0.03,142.31,717343.0,0.0,0
2022-01-30 06:00:00,4.55,0.0,4.325,64.5,0.0,0.0,0.0,154.13,729303.0,0.0,0
2022-01-30 07:00:00,4.375,0.0,4.35,67.25,0.0,0.0,0.8,166.46,751050.0,0.0,0
2022-01-30 08:00:00,4.225,0.0,4.1,67.5,0.0,0.01,16.88,160.58,782978.0,0.0,0
2022-01-30 09:00:00,4.85,0.0,4.95,62.75,0.0,0.175,82.13,140.62,773877.0,0.0,0
2022-01-30 10:00:00,6.175,0.0,4.55,59.0,0.65,1.06,151.53,139.47,670955.0,0.0,0
2022-01-30 11:00:00,6.2,0.0,4.25,58.25,0.825,1.365,188.86,128.83,577920.0,1.0,1
2022-01-30 12:00:00,6.95,0.0,4.5,55.25,0.875,1.535,176.13,156.54,541027.0,2.4,1
2022-01-30 13:00:00,6.675,0.0,5.0,52.5,0.775,1.505,193.86,132.24,536438.0,0.0,0
2022-01-30 14:00:00,6.975,0.0,5.0,51.75,0.825,1.715,139.0,169.43,519764.0,33.3,1
2022-01-30 15:00:00,6.95,0.0,5.65,52.25,0.7,1.22,102.35,174.96,562847.0,0.6,1
2022-01-30 16:00:00,6.45,0.0,4.975,51.75,0.65,0.965,77.42,162.76,598870.0,0.0,0
2022-01-30 17:00:00,6.325,0.0,6.175,48.75,1.0,0.82,14.21,156.93,664838.0,0.0,0
2022-01-30 18:00:00,5.025,0.0,6.35,52.75,0.575,0.145,3.64,167.06,821182.0,0.0,0
2022-01-30 19:00:00,4.65,0.0,6.1,54.0,0.0,0.0,7.39,190.78,918176.0,0.0,0
2022-01-30 20:00:00,4.475,0.0,5.65,54.75,0.0,0.0,7.0,182.14,934921.0,0.0,0
2022-01-30 21:00:00,4.275,0.0,5.95,53.25,0.0,0.0,5.94,178.06,921604.0,0.0,0
2022-01-30 22:00:00,3.825,0.0,5.5,53.25,0.0,0.0,1.86,159.78,891457.0,0.0,0
2022-01-30 23:00:00,3.6,0.0,4.8,55.5,0.0,0.0,0.28,148.54,889717.0,0.0,0
2022-01-31 00:00:00,3.325,0.0,4.275,57.25,0.0,0.0,0.19,150.81,887150.0,0.0,0
2022-01-31 01:00:00,3.325,0.0,3.6,59.5,0.0,0.0,1.0,153.04,840945.0,0.0,0
2022-01-31 02:00:00,3.275,0.0,3.575,61.0,0.0,0.0,1.08,153.24,800599.0,0.0,0
2022-01-31 03:00:00,3.375,0.0,4.225,62.0,0.0,0.0,0.91,103.45,776441.0,0.0,0
2022-01-31 04:00:00,3.25,0.0,4.975,62.5,0.0,0.0,0.53,92.11,770389.0,0.0,0
2022-01-31 05:00:00,2.925,0.0,3.9,61.5,0.0,0.0,0.05,120.35,774490.0,0.0,0
2022-01-31 06:00:00,2.375,0.0,4.575,64.5,0.0,0.0,0.02,125.0,790106.0,0.0,0
2022-01-31 07:00:00,2.775,0.0,3.9,63.0,0.0,0.0,1.67,102.95,812861.0,0.0,0
2022-01-31 08:00:00,2.7,0.0,3.45,66.0,0.1,0.025,37.74,88.34,831076.0,0.0,0
2022-01-31 09:00:00,4.375,0.0,4.225,59.25,0.75,0.34,105.53,117.07,753547.0,0.0,0
2022-01-31 10:00:00,5.6,0.0,4.675,55.0,0.875,0.915,159.49,124.43,624256.0,0.0,0
2022-01-31 11:00:00,6.4,0.0,4.525,54.5,0.825,1.21,208.73,87.08,568280.0,0.0,0
2022-01-31 12:00:00,7.0,0.0,4.175,52.75,0.9,1.95,228.38,53.75,516823.0,11.2,1
2022-01-31 13:00:00,7.5,0.0,4.45,52.25,0.925,2.055,226.09,27.74,487298.0,60.6,1
2022-01-31 14:00:00,8.025,0.0,4.35,51.75,1.0,2.22,192.7,55.0,476251.0,75.1,1
2022-01-31 15:00:00,7.9,0.0,4.625,52.25,0.875,1.575,138.09,63.73,510596.0,17.9,1
2022-01-31 16:00:00,7.725,0.0,4.2,52.25,0.825,1.135,79.53,54.2,561512.0,0.0,0
2022-01-31 17:00:00,7.5,0.0,4.25,54.0,0.85,0.72,15.95,54.83,622327.0,0.0,0
2022-01-31 18:00:00,6.175,0.0,3.725,59.75,0.525,0.145,3.62,74.4,750071.0,0.0,0
2022-01-31 19:00:00,5.475,0.0,3.25,62.0,0.0,0.0,7.29,85.74,867250.0,0.0,0
2022-01-31 20:00:00,5.3,0.0,3.35,63.5,0.0,0.0,7.22,93.01,890104.0,0.0,0
2022-01-31 21:00:00,5.325,0.0,4.275,60.5,0.0,0.0,5.96,73.23,885153.0,0.0,0
2022-01-31 22:00:00,5.75,0.0,4.35,60.5,0.0,0.0,1.97,60.27,861345.0,0.0,0
2022-01-31 23:00:00,5.425,0.0,4.25,61.0,0.0,0.0,0.28,31.96,834364.0,0.0,0
2022-02-01 00:00:00,5.45,0.0,3.9,63.75,0.0,0.0,0.19,32.85,832106.0,0.0,0
2022-02-01 01:00:00,5.55,0.0,4.35,64.0,0.0,0.0,1.02,37.9,792089.0,0.0,0
2022-02-01 02:00:00,6.3,0.0,5.525,64.5,0.0,0.0,1.08,79.0,749918.0,0.0,0
2022-02-01 03:00:00,6.9,0.0,5.975,61.5,0.0,0.0,0.91,94.78,718268.0,0.0,0
2022-02-01 04:00:00,6.625,0.0,5.725,65.75,0.0,0.0,0.56,104.07,701362.0,0.0,0
2022-02-01 05:00:00,6.6,0.0,5.475,64.0,0.0,0.0,0.24,108.47,704491.0,0.0,0
2022-02-01 06:00:00,6.325,0.0,4.725,61.0,0.0,0.0,0.02,87.66,706794.0,0.0,0
2022-02-01 07:00:00,6.1,0.0,5.275,59.5,0.0,0.0,0.97,86.28,745538.0,0.0,0
2022-02-01 08:00:00,5.95,0.0,5.675,57.75,0.0,0.01,21.51,69.36,777350.0,0.0,0
2022-02-01 09:00:00,6.45,0.0,5.075,57.5,0.3,0.215,59.92,86.87,735787.0,0.0,0
2022-02-01 10:00:00,6.85,0.0,5.7,58.25,0.6,0.515,83.72,102.09,603663.0,0.0,0
2022-02-01 11:00:00,7.375,0.0,6.275,55.5,0.5,0.835,111.73,136.97,554033.0,0.0,0
2022-02-01 12:00:00,7.725,0.0,7.775,53.5,0.575,1.15,137.6,151.64,520524.0,0.0,0
2022-02-01 13:00:00,7.925,0.0,8.0,49.0,0.65,1.325,145.1,137.6,489806.0,21.7,1
2022-02-01 14:00:00,7.375,0.0,7.925,50.0,0.775,1.315,130.61,146.19,485394.0,32.5,1
2022-02-01 15:00:00,7.175,0.0,7.65,52.0,0.75,1.21,100.96,170.91,499038.0,32.4,1
2022-02-01 16:00:00,6.775,0.0,6.45,51.75,0.675,0.835,55.89,197.02,525066.0,6.5,1
2022-02-01 17:00:00,5.875,0.0,5.725,52.0,0.4,0.39,12.49,188.48,602779.0,0.0,0
2022-02-01 18:00:00,5.275,0.0,5.725,56.75,0.225,0.095,3.63,204.43,724670.0,0.0,0
2022-02-01 19:00:00,4.8,0.0,5.3,58.25,0.0,0.0,7.21,217.66,820446.0,0.0,0
2022-02-01 20:00:00,4.65,0.0,4.675,61.0,0.0,0.0,6.24,197.51,840603.0,0.0,0
2022-02-01 21:00:00,4.15,0.0,4.4,61.25,0.0,0.0,2.06,129.82,844956.0,0.0,0
2022-02-01 22:00:00,4.075,0.0,3.9,64.25,0.0,0.0,0.37,99.56,835222.0,0.0,0
2022-02-01 23:00:00,3.95,0.0,3.975,65.0,0.0,0.0,0.19,89.53,832000.0,0.0,0
2022-02-02 00:00:00,3.7,0.0,3.725,65.0,0.0,0.0,0.03,75.79,837580.0,0.0,0
2022-02-03 01:00:00,4.15,0.0,3.225,55.75,0.0,0.0,0.74,98.64,770738.0,0.0,0
2022-02-03 02:00:00,3.925,0.0,3.725,52.75,0.0,0.0,0.86,103.7,737479.0,0.0,0
2022-02-03 03:00:00,3.725,0.0,3.25,55.25,0.0,0.0,0.46,111.5,721263.0,0.0,0
2022-02-03 04:00:00,3.65,0.0,3.5,61.5,0.0,0.0,0.08,128.72,712241.0,0.0,0
2022-02-03 05:00:00,3.925,0.0,4.4,58.5,0.0,0.0,0.02,159.42,712167.0,0.0,0
2022-02-03 06:00:00,4.05,0.0,4.375,58.75,0.0,0.0,0.0,151.74,730848.0,0.0,0
2022-02-03 07:00:00,4.15,0.0,3.775,56.25,0.0,0.0,0.98,138.67,767501.0,0.0,0
2022-02-03 08:00:00,4.125,0.0,4.5,57.25,0.0,0.01,31.89,120.74,823602.0,0.0,0
2022-02-03 09:00:00,4.775,0.0,4.625,55.5,0.35,0.195,45.32,134.27,859950.0,0.0,0
2022-02-03 10:00:00,5.55,0.0,4.675,53.25,0.175,0.365,91.68,139.35,834283.0,0.0,0
2022-02-03 11:00:00,5.95,0.0,5.3,53.25,0.475,0.835,165.59,122.2,774254.0,0.0,0
2022-02-03 12:00:00,6.75,0.0,4.775,52.0,0.85,1.53,209.93,93.37,695324.0,0.0,0
2022-02-03 13:00:00,7.125,0.0,5.35,52.75,0.775,1.625,170.63,115.7,623742.0,62.5,1
2022-02-03 14:00:00,6.775,0.0,5.075,52.75,0.825,1.435,100.05,141.75,666530.0,17.5,1
2022-02-03 15:00:00,6.7,0.0,4.375,55.25,0.525,1.1,62.87,122.58,728281.0,0.0,0
2022-02-03 16:00:00,6.225,0.0,4.225,56.25,0.1,0.62,32.68,119.2,770555.0,0.0,0
2022-02-03 17:00:00,5.925,0.0,3.975,54.75,0.1,0.41,11.84,99.43,841682.0,0.0,0
2022-02-03 18:00:00,5.5,0.0,3.775,57.0,0.075,0.125,3.64,142.27,915502.0,0.0,0
2022-02-03 19:00:00,5.2,0.0,3.825,54.75,0.0,0.0,7.25,157.2,961166.0,0.0,0
2022-02-03 20:00:00,4.575,0.0,3.95,60.25,0.0,0.0,6.58,193.0,966788.0,0.0,0
2022-02-03 21:00:00,4.275,0.0,4.1,57.25,0.0,0.0,2.74,182.32,947935.0,0.0,0
2022-02-03 22:00:00,4.1,0.0,4.275,53.75,0.0,0.0,1.03,160.54,906063.0,0.0,0
2022-02-03 23:00:00,3.575,0.0,3.875,56.0,0.0,0.0,0.24,152.63,896658.0,0.0,0
2022-02-04 00:00:00,3.25,0.0,4.925,55.25,0.0,0.0,0.19,150.57,892199.0,0.0,0
2022-02-10 01:00:00,5.3,0.0,2.525,91.25,0.0,0.0,0.13,45.5,787533.0,0.0,0
2022-02-10 02:00:00,5.05,0.0,2.875,92.0,0.0,0.0,0.06,64.98,751913.0,0.0,0
2022-02-10 03:00:00,4.875,2.0,4.225,94.25,0.0,0.0,0.04,98.06,731319.0,0.0,0
2022-02-10 04:00:00,4.7,0.0,3.8,91.0,0.0,0.0,0.02,122.72,724891.0,0.0,0
2022-02-10 05:00:00,4.45,0.0,3.9,90.0,0.0,0.0,0.05,149.08,731185.0,0.0,0
2022-02-10 06:00:00,4.6,1.15,3.575,85.5,0.0,0.0,0.06,132.93,754622.0,0.0,0
2022-02-10 07:00:00,4.875,0.0,3.75,82.5,0.0,0.0,0.67,114.05,790579.0,0.0,0
2022-02-10 08:00:00,5.2,0.0,3.15,77.0,0.05,0.015,18.05,97.11,840050.0,0.0,0
2022-02-10 09:00:00,5.775,0.15,3.325,74.5,0.2,0.255,65.69,115.05,885524.0,0.0,0
2022-02-10 10:00:00,6.475,0.0,3.725,66.75,0.375,1.08,116.17,146.75,825088.0,0.0,0
2022-02-10 11:00:00,7.05,0.0,4.25,60.0,0.45,1.68,167.58,156.18,746296.0,0.0,0
2022-02-10 12:00:00,7.825,0.0,4.35,55.5,0.6,2.325,228.53,118.23,672029.0,0.0,0
2022-02-10 13:00:00,8.4,0.0,4.8,53.25,0.9,2.49,223.31,158.36,596067.0,35.2,1
2022-02-10 14:00:00,8.7,0.0,5.0,54.75,0.95,2.33,193.28,167.01,601928.0,3.0,1
2022-02-10 15:00:00,8.425,0.0,5.35,54.75,0.75,2.055,149.9,169.75,631312.0,0.0,0
2022-02-10 16:00:00,8.475,0.0,5.15,54.5,0.775,1.26,85.57,163.9,676922.0,0.0,0
2022-02-10 17:00:00,8.1,0.0,5.225,53.25,0.9,0.865,21.42,158.82,752047.0,0.0,0
2022-02-10 18:00:00,7.125,0.0,4.2,55.5,0.5,0.245,3.89,163.11,870077.0,0.0,0
2022-02-10 19:00:00,6.65,0.0,3.8,58.75,0.0,0.0,8.09,182.41,969435.0,0.0,0
2022-02-10 20:00:00,6.025,0.0,4.375,60.25,0.0,0.0,8.05,194.45,977814.0,0.0,0
2022-02-10 21:00:00,5.875,0.0,4.25,60.25,0.0,0.0,6.67,177.26,961679.0,0.0,0
2022-02-10 22:00:00,5.575,0.0,4.05,59.5,0.0,0.0,2.01,161.86,928060.0,0.0,0
2022-02-10 23:00:00,5.7,0.0,3.725,59.25,0.0,0.0,0.29,121.97,908179.0,0.0,0
2022-02-11 00:00:00,5.425,0.0,3.975,59.0,0.0,0.0,0.19,85.74,891991.0,0.0,0
2022-02-15 01:00:00,6.725,0.0,4.9,73.5,0.0,0.0,0.25,167.69,793799.0,0.0,0
2022-02-15 02:00:00,6.0,0.0,5.975,74.0,0.0,0.0,0.24,192.77,760951.0,0.0,0
2022-02-15 03:00:00,5.325,0.0,5.7,71.5,0.0,0.0,0.03,197.6,743002.0,0.0,0
2022-02-15 04:00:00,4.675,0.0,6.325,69.25,0.0,0.0,0.02,204.42,740046.0,0.0,0
2022-02-15 05:00:00,4.35,0.0,6.2,65.5,0.0,0.0,0.05,204.61,748781.0,0.0,0
2022-02-15 06:00:00,3.95,0.0,6.25,64.0,0.0,0.0,0.31,199.34,773315.0,0.0,0
2022-02-15 07:00:00,3.825,0.0,6.2,64.75,0.0,0.0,2.72,194.15,817233.0,0.0,0
2022-02-15 08:00:00,3.85,0.0,5.875,63.5,0.0,0.005,31.2,176.79,863016.0,0.0,0
2022-02-15 09:00:00,4.125,0.0,6.0,61.25,0.375,0.31,111.56,185.54,874300.0,0.0,0
2022-02-15 10:00:00,5.125,0.0,5.8,59.5,0.825,0.83,143.13,190.21,771145.0,0.0,0
2022-02-15 11:00:00,5.725,0.0,6.55,57.25,0.825,1.21,191.99,129.94,726053.0,1.8,1
2022-02-15 12:00:00,6.3,0.0,6.375,55.75,0.875,1.795,178.95,133.13,668073.0,59.6,1
2022-02-15 13:00:00,5.875,0.0,6.925,57.0,0.8,1.535,176.24,126.19,661898.0,57.3,1
2022-02-15 14:00:00,6.3,0.0,6.875,57.0,0.675,1.335,127.35,169.71,672504.0,63.4,1
2022-02-15 15:00:00,5.65,0.0,7.3,53.75,0.55,0.955,97.1,180.17,715047.0,0.0,0
2022-02-15 16:00:00,5.3,0.0,7.75,51.5,0.625,0.87,53.25,185.35,748344.0,0.0,0
2022-02-15 17:00:00,4.175,0.0,7.45,54.0,0.7,0.48,14.92,193.79,807374.0,0.0,0
2022-02-15 18:00:00,2.9,0.0,6.45,59.0,0.25,0.055,3.81,195.48,915241.0,0.0,0
2022-02-15 19:00:00,2.8,0.0,6.675,59.25,0.0,0.0,8.26,185.24,1009832.0,0.0,0
2022-02-15 20:00:00,2.4,0.0,5.85,59.5,0.0,0.0,8.09,164.96,1023500.0,0.0,0
2022-02-15 21:00:00,2.3,0.0,5.625,62.0,0.0,0.0,5.79,140.49,999701.0,0.0,0
2022-02-15 22:00:00,1.95,0.0,4.975,61.5,0.0,0.0,1.37,130.34,958014.0,0.0,0
2022-02-15 23:00:00,1.75,0.0,5.375,62.75,0.0,0.0,0.21,122.85,931757.0,0.0,0
2022-02-16 00:00:00,1.625,0.0,5.025,65.5,0.0,0.0,0.19,106.44,916393.0,0.0,0
2022-02-23 01:00:00,3.45,0.0,5.55,61.5,0.0,0.0,0.25,156.86,835748.0,0.0,0
2022-02-23 02:00:00,3.075,0.0,5.65,67.5,0.0,0.0,0.25,181.77,797474.0,0.0,0
2022-02-23 03:00:00,2.8,0.0,5.2,64.75,0.0,0.0,0.25,154.93,779614.0,0.0,0
2022-02-23 04:00:00,2.65,0.0,4.975,67.5,0.0,0.0,0.25,153.91,771661.0,0.0,0
2022-02-23 05:00:00,2.4,0.0,4.875,67.25,0.0,0.0,0.24,161.6,775281.0,0.0,0
2022-02-23 06:00:00,2.25,0.0,4.8,66.0,0.0,0.0,0.32,147.53,794166.0,0.0,0
2022-02-23 07:00:00,1.975,0.0,4.35,67.5,0.0,0.0,1.4,135.29,832885.0,0.0,0
2022-02-23 08:00:00,1.825,0.0,4.8,69.25,0.0,0.01,13.47,128.8,879902.0,0.0,0
2022-02-23 09:00:00,2.025,0.0,3.725,65.5,0.0,0.11,34.58,136.93,944818.0,0.0,0
2022-02-23 10:00:00,2.2,0.0,4.25,65.75,0.0,0.22,55.13,145.73,947911.0,0.0,0
2022-02-23 11:00:00,2.45,0.0,3.825,65.75,0.0,0.44,93.15,162.67,904480.0,0.0,0
2022-02-23 12:00:00,2.575,0.0,4.525,63.5,0.075,0.765,130.82,178.08,833682.0,0.0,0
2022-02-23 13:00:00,2.925,0.0,5.45,63.5,0.325,0.82,166.98,182.83,771136.0,0.0,0
2022-02-23 14:00:00,3.175,0.0,5.525,59.0,0.575,0.975,150.67,188.78,755006.0,16.8,1
2022-02-23 15:00:00,3.45,0.0,5.0,60.25,0.575,0.77,136.33,201.75,762808.0,6.6,1
2022-02-23 16:00:00,3.35,0.0,5.425,59.5,0.55,0.625,97.94,197.71,769455.0,0.0,0
2022-02-23 17:00:00,3.525,0.0,5.65,57.75,0.775,0.835,35.06,194.23,810749.0,0.0,0
2022-02-23 18:00:00,2.725,0.0,4.575,59.25,0.6,0.345,4.69,215.07,934159.0,0.0,0
2022-02-23 19:00:00,2.35,0.0,4.5,57.75,0.025,0.01,7.76,196.13,1043674.0,0.0,0
2022-02-23 20:00:00,2.1,0.0,4.3,57.25,0.0,0.0,5.22,179.4,1066638.0,0.0,0
2022-02-23 21:00:00,1.675,0.0,4.625,58.5,0.0,0.0,2.18,184.66,1042958.0,0.0,0
2022-02-23 22:00:00,1.275,0.0,4.525,60.75,0.0,0.0,0.27,182.29,1008715.0,0.0,0
2022-02-23 23:00:00,0.9,0.0,4.2,60.75,0.0,0.0,0.07,173.34,975311.0,0.0,0
2022-02-24 00:00:00,0.8,0.0,5.175,61.5,0.0,0.0,0.0,157.22,960463.0,0.0,0
2022-02-27 01:00:00,7.35,0.0,6.375,61.0,0.0,0.0,0.25,219.18,796202.0,0.0,0
2022-02-27 02:00:00,6.45,0.0,6.15,54.25,0.0,0.0,0.25,210.31,777922.0,0.0,0
2022-02-27 03:00:00,6.0,0.0,6.1,52.75,0.0,0.0,0.25,209.37,765543.0,0.0,0
2022-02-27 04:00:00,5.525,0.0,5.925,58.75,0.0,0.0,0.24,196.11,765303.0,0.0,0
2022-02-27 05:00:00,5.45,0.0,4.925,57.0,0.0,0.0,0.24,198.09,770882.0,0.0,0
2022-02-27 06:00:00,5.2,0.0,4.4,60.25,0.0,0.0,0.32,163.05,789001.0,0.0,0
2022-02-27 07:00:00,4.9,0.0,4.225,60.0,0.0,0.0,10.72,104.46,818639.0,0.0,0
2022-02-27 08:00:00,5.35,0.0,3.65,59.5,0.55,0.14,77.4,92.99,803369.0,0.0,0
2022-02-27 09:00:00,7.025,0.0,3.35,52.75,1.0,0.83,156.64,73.6,659231.0,0.0,0
2022-02-27 10:00:00,8.55,0.0,3.4,45.75,1.0,1.625,206.3,52.67,550730.0,0.0,0
2022-02-27 11:00:00,9.325,0.0,3.2,40.75,1.0,2.31,239.52,28.25,506043.0,0.0,0
2022-02-27 12:00:00,9.95,0.0,3.6,36.5,1.0,2.795,254.04,5.69,465414.0,11.8,1
2022-02-27 13:00:00,10.5,0.0,4.025,35.75,1.0,3.025,253.07,4.12,442199.0,41.2,1
2022-02-27 14:00:00,10.95,0.0,4.125,39.0,1.0,2.965,233.12,8.83,439656.0,41.2,1
2022-02-27 15:00:00,11.075,0.0,3.9,35.25,1.0,2.64,191.1,36.89,453495.0,37.7,1
2022-02-27 16:00:00,11.05,0.0,4.075,37.25,1.0,2.085,127.17,46.22,496434.0,4.9,1
2022-02-27 17:00:00,10.375,0.0,3.7,39.25,1.0,1.375,47.96,41.54,568439.0,0.0,0
2022-02-27 18:00:00,9.275,0.0,2.95,41.75,0.9,0.57,5.39,56.32,690693.0,0.0,0
2022-02-27 19:00:00,7.55,0.0,2.875,44.25,0.2,0.03,8.1,67.86,848004.0,0.0,0
2022-02-27 20:00:00,7.0,0.0,2.975,51.25,0.0,0.0,8.15,81.15,911091.0,0.0,0
2022-02-27 21:00:00,6.4,0.0,2.325,54.0,0.0,0.0,7.04,69.55,917160.0,0.0,0
2022-02-27 22:00:00,5.9,0.0,2.625,53.75,0.0,0.0,2.07,58.07,905786.0,0.0,0
2022-02-27 23:00:00,5.725,0.0,2.75,54.75,0.0,0.0,0.29,41.83,884221.0,0.0,0
2022-02-28 00:00:00,5.125,0.0,2.05,56.25,0.0,0.0,0.19,18.61,870905.0,0.0,0
2022-03-02 01:00:00,6.85,0.0,4.95,68.75,0.0,0.0,0.06,152.71,760079.0,0.0,0
2022-03-02 02:00:00,6.3,0.0,5.25,67.5,0.0,0.0,0.06,179.84,738576.0,0.0,0
2022-03-02 03:00:00,5.9,0.0,4.8,69.0,0.0,0.0,0.06,175.77,727502.0,0.0,0
2022-03-02 04:00:00,5.65,0.0,5.1,64.5,0.0,0.0,0.03,178.12,724068.0,0.0,0
2022-03-02 05:00:00,5.175,0.0,5.425,66.0,0.0,0.0,0.04,167.47,731541.0,0.0,0
2022-03-02 06:00:00,4.85,0.0,4.575,65.75,0.0,0.0,0.01,130.73,761398.0,0.0,0
2022-03-02 07:00:00,4.625,0.0,5.05,65.25,0.0,0.0,11.37,141.53,806310.0,0.0,0
2022-03-02 08:00:00,4.975,0.0,4.925,62.75,0.25,0.105,58.81,172.05,838827.0,0.0,0
2022-03-02 09:00:00,6.15,0.0,6.175,60.5,0.65,0.4,137.22,193.91,783743.0,0.0,0
2022-03-02 10:00:00,6.975,0.0,5.45,58.25,0.75,0.96,176.56,188.04,710050.0,0.0,0
2022-03-02 11:00:00,7.525,0.0,6.35,55.5,0.775,1.4,217.34,170.13,678195.0,0.0,0
2022-03-02 12:00:00,8.65,0.0,6.1,53.0,0.875,2.255,235.73,148.26,625779.0,0.0,0
2022-03-02 13:00:00,9.15,0.0,6.575,49.5,0.85,2.26,239.33,128.74,578337.0,22.6,1
2022-03-02 14:00:00,9.35,0.0,5.9,49.0,0.825,2.26,229.63,148.73,578126.0,36.1,1
2022-03-02 15:00:00,9.25,0.0,6.65,47.75,0.85,2.125,191.82,167.93,580676.0,36.1,1
2022-03-02 16:00:00,9.0,0.0,6.8,45.75,0.975,2.055,130.37,182.79,607420.0,14.0,1
2022-03-02 17:00:00,8.45,0.0,6.725,49.5,1.0,1.39,52.45,171.91,666856.0,0.0,0
2022-03-02 18:00:00,7.5,0.0,6.65,50.5,0.925,0.595,6.22,168.88,771182.0,0.0,0
2022-03-02 19:00:00,6.45,0.0,5.725,54.0,0.225,0.045,8.34,161.45,913425.0,0.0,0
2022-03-02 20:00:00,5.975,0.0,5.0,55.5,0.0,0.0,8.34,138.85,964343.0,0.0,0
2022-03-02 21:00:00,5.925,0.0,4.475,55.25,0.0,0.0,5.69,105.12,953043.0,0.0,0
2022-03-02 22:00:00,5.575,0.0,4.275,56.25,0.0,0.0,1.44,78.07,922126.0,0.0,0
2022-03-02 23:00:00,5.45,0.0,3.775,56.25,0.0,0.0,0.27,54.82,896083.0,0.0,0
2022-03-03 00:00:00,4.55,0.0,3.3,62.75,0.0,0.0,0.19,62.09,877083.0,0.0,0
2022-03-04 01:00:00,8.15,0.0,2.425,57.75,0.0,0.0,0.26,8.16,779772.0,0.0,0
2022-03-04 02:00:00,7.925,0.0,1.525,60.5,0.0,0.0,0.25,11.94,748227.0,0.0,0
2022-03-04 03:00:00,7.15,0.0,1.975,62.5,0.0,0.0,0.25,24.54,735629.0,0.0,0
2022-03-04 04:00:00,8.125,0.0,2.25,65.0,0.0,0.0,0.24,27.6,719133.0,0.0,0
2022-03-04 05:00:00,8.9,0.0,2.525,63.5,0.0,0.0,0.24,38.34,722048.0,0.0,0
2022-03-04 06:00:00,9.225,0.0,2.45,65.5,0.0,0.0,0.31,30.93,741658.0,0.0,0
2022-03-04 07:00:00,9.25,0.0,2.3,66.0,0.0,0.0,3.74,11.08,765278.0,0.0,0
2022-03-04 08:00:00,9.175,0.0,2.25,65.0,0.0,0.03,12.68,11.51,795445.0,0.0,0
2022-03-04 09:00:00,10.125,0.0,2.55,65.75,0.0,0.105,25.31,22.4,837899.0,0.0,0
2022-03-04 10:00:00,11.025,0.0,1.975,65.25,0.0,0.285,36.05,65.82,831561.0,0.0,0
2022-03-04 11:00:00,11.975,0.0,3.575,63.5,0.0,0.49,85.7,104.07,798022.0,0.0,0
2022-03-04 12:00:00,13.9,0.0,5.15,59.75,0.25,1.445,185.12,139.28,695677.0,0.0,0
2022-03-04 13:00:00,15.225,0.0,5.775,56.25,0.875,2.6,220.62,117.05,547280.0,0.6,1
2022-03-04 14:00:00,15.45,0.0,5.325,54.0,0.975,2.69,203.46,94.84,517465.0,2.3,1
2022-03-04 15:00:00,15.45,0.0,5.0,54.5,1.0,2.43,164.72,84.14,527650.0,0.0,0
2022-03-04 16:00:00,15.0,0.0,4.825,57.75,1.0,1.91,99.56,72.52,558681.0,0.0,0
2022-03-04 17:00:00,13.925,0.0,5.525,67.75,1.0,1.16,34.21,74.56,629009.0,0.0,0
2022-03-04 18:00:00,12.65,0.0,4.55,71.25,0.5,0.415,6.32,83.31,720048.0,0.0,0
2022-03-04 19:00:00,11.65,0.0,3.4,74.0,0.0,0.03,8.34,87.73,828049.0,0.0,0
2022-03-04 20:00:00,11.325,0.0,3.0,72.75,0.0,0.0,8.2,95.13,875751.0,0.0,0
2022-03-04 21:00:00,11.9,0.0,4.15,64.25,0.0,0.0,4.86,109.82,860579.0,0.0,0
2022-03-04 22:00:00,12.05,0.0,4.625,64.75,0.0,0.0,1.44,113.91,833844.0,0.0,0
2022-03-04 23:00:00,12.175,0.0,4.775,68.25,0.0,0.0,0.28,93.29,813054.0,0.0,0
2022-03-05 00:00:00,11.9,0.0,4.325,71.0,0.0,0.0,0.19,63.3,797087.0,0.0,0
2022-03-05 01:00:00,11.725,0.0,3.675,73.0,0.0,0.0,0.25,37.82,748692.0,0.0,0
2022-03-05 02:00:00,11.425,0.0,4.575,72.5,0.0,0.0,0.25,66.92,708444.0,0.0,0
2022-03-05 03:00:00,11.175,0.0,4.775,79.25,0.0,0.0,0.25,57.63,688973.0,0.0,0
2022-03-05 04:00:00,10.975,0.0,2.9,86.75,0.0,0.0,0.22,19.05,677533.0,0.0,0
2022-03-05 05:00:00,10.175,0.0,3.275,91.25,0.0,0.0,0.24,62.05,678777.0,0.0,0
2022-03-05 06:00:00,9.825,0.0,2.9,83.25,0.0,0.0,0.32,140.99,700660.0,0.0,0
2022-03-05 07:00:00,8.95,0.0,4.0,75.5,0.0,0.0,9.74,188.5,731525.0,0.0,0
2022-03-05 08:00:00,8.7,0.0,4.225,72.75,0.0,0.13,60.59,192.84,731667.0,0.0,0
2022-03-05 09:00:00,9.575,0.0,4.375,69.0,0.8,0.64,132.44,174.88,646045.0,0.0,0
2022-03-05 10:00:00,10.4,0.0,4.1,59.0,1.0,1.45,185.92,147.12,569457.0,0.0,0
2022-03-05 11:00:00,11.2,0.0,4.95,49.5,1.0,2.12,222.63,89.97,521842.0,26.9,1
2022-03-05 12:00:00,11.125,0.0,6.025,49.0,1.0,2.56,237.97,49.02,485613.0,101.9,1
2022-03-05 13:00:00,10.975,0.0,6.3,44.75,1.0,2.73,240.07,33.09,460753.0,147.9,1
2022-03-05 14:00:00,10.7,0.0,6.675,41.0,1.0,2.75,228.16,51.72,460036.0,166.5,1
2022-03-05 15:00:00,10.05,0.0,7.1,38.75,1.0,2.535,191.06,108.11,469434.0,132.4,1
2022-03-05 16:00:00,9.3,0.0,6.5,42.0,1.0,2.04,127.95,180.37,504312.0,67.8,1
2022-03-05 17:00:00,8.575,0.0,6.45,45.5,1.0,1.375,55.55,205.72,575156.0,6.6,1
2022-03-05 18:00:00,7.55,0.0,7.35,48.5,0.875,0.58,7.63,221.92,706609.0,0.0,0
2022-03-05 19:00:00,6.625,0.0,7.15,52.0,0.2,0.045,8.27,227.82,861744.0,0.0,0
2022-03-05 20:00:00,6.275,0.0,6.8,49.25,0.0,0.0,8.26,223.32,916092.0,0.0,0
2022-03-05 21:00:00,6.325,0.0,7.125,51.0,0.0,0.0,5.97,214.42,907297.0,0.0,0
2022-03-05 22:00:00,6.3,0.0,6.45,50.0,0.0,0.0,1.53,208.05,882637.0,0.0,0
2022-03-05 23:00:00,6.125,0.0,6.875,49.75,0.0,0.0,0.29,208.85,865090.0,0.0,0
2022-03-06 00:00:00,5.8,0.0,6.7,51.75,0.0,0.0,0.19,195.94,847977.0,0.0,0
2022-03-06 01:00:00,5.4,0.0,6.25,54.5,0.0,0.0,0.26,183.18,805430.0,0.0,0
2022-03-06 02:00:00,5.025,0.0,6.275,58.25,0.0,0.0,0.25,182.91,772754.0,0.0,0
2022-03-06 03:00:00,4.825,0.0,5.9,57.75,0.0,0.0,0.25,178.82,748837.0,0.0,0
2022-03-06 04:00:00,4.65,0.0,6.25,57.75,0.0,0.0,0.24,187.6,735131.0,0.0,0
2022-03-06 05:00:00,4.425,0.0,6.125,60.25,0.0,0.0,0.23,203.21,737455.0,0.0,0
2022-03-06 06:00:00,4.225,0.0,6.0,60.5,0.0,0.0,0.32,206.31,761958.0,0.0,0
2022-03-06 07:00:00,4.025,0.0,5.425,60.5,0.0,0.0,15.44,188.34,791554.0,0.0,0
2022-03-06 08:00:00,4.45,0.0,5.275,59.0,0.6,0.205,78.79,172.09,771484.0,0.0,0
2022-03-06 09:00:00,5.5,0.0,4.85,56.25,0.95,0.875,160.95,112.83,635252.0,0.0,0
2022-03-06 10:00:00,6.825,0.0,4.675,50.5,0.975,1.695,212.67,24.13,538193.0,0.0,0
2022-03-06 11:00:00,7.25,0.0,5.075,47.5,1.0,2.385,246.28,21.47,487257.0,0.0,0
2022-03-06 12:00:00,7.5,0.0,5.075,48.5,1.0,2.825,249.34,17.19,448670.0,0.0,0
2022-03-06 13:00:00,8.05,0.0,5.375,46.0,1.0,3.03,244.15,16.59,434171.0,0.0,0
2022-03-06 14:00:00,8.75,0.0,5.075,43.25,1.0,2.97,227.45,20.9,440084.0,0.0,0
2022-03-06 15:00:00,8.55,0.0,4.55,42.0,1.0,2.645,192.75,78.48,452114.0,0.0,0
2022-03-06 16:00:00,8.175,0.0,4.425,44.25,1.0,2.105,123.82,124.1,490584.0,0.0,0
2022-03-06 17:00:00,7.825,0.0,5.425,46.5,1.0,1.305,40.71,131.52,573827.0,0.0,0
2022-03-06 18:00:00,6.675,0.0,5.275,49.5,0.6,0.38,5.92,148.39,712153.0,0.0,0
2022-03-06 19:00:00,5.925,0.0,5.0,55.0,0.0,0.02,8.03,192.19,860892.0,0.0,0
2022-03-06 20:00:00,5.75,0.0,4.15,55.25,0.0,0.0,7.94,184.91,904759.0,0.0,0
2022-03-06 21:00:00,5.675,0.0,4.325,58.0,0.0,0.0,5.47,169.89,893382.0,0.0,0
2022-03-06 22:00:00,5.35,0.0,4.425,57.75,0.0,0.0,1.51,108.04,867489.0,0.0,0
2022-03-06 23:00:00,5.175,0.0,3.6,59.5,0.0,0.0,0.29,158.64,849192.0,0.0,0
2022-03-07 00:00:00,5.175,0.0,3.525,62.0,0.0,0.0,0.19,120.92,829158.0,0.0,0
2022-03-09 01:00:00,7.925,0.0,1.575,74.25,0.0,0.0,0.26,4.57,794366.0,0.0,0
2022-03-09 02:00:00,7.5,0.0,2.275,76.25,0.0,0.0,0.25,10.76,762747.0,0.0,0
2022-03-09 03:00:00,7.675,0.0,2.3,76.5,0.0,0.0,0.25,17.88,745691.0,0.0,0
2022-03-09 04:00:00,7.95,0.0,2.375,78.75,0.0,0.0,0.22,32.57,733953.0,0.0,0
2022-03-09 05:00:00,7.7,0.0,2.8,80.5,0.0,0.0,0.23,64.06,735917.0,0.0,0
2022-03-09 06:00:00,7.65,0.0,3.2,81.5,0.0,0.0,0.38,76.86,754590.0,0.0,0
2022-03-09 07:00:00,7.825,0.0,3.5,81.0,0.0,0.0,13.64,83.05,776374.0,0.0,0
2022-03-09 08:00:00,8.95,0.0,2.8,80.25,0.325,0.175,69.95,55.13,751498.0,0.0,0
2022-03-09 09:00:00,11.525,0.0,2.875,74.25,1.0,0.76,137.98,48.3,626386.0,0.0,0
2022-03-09 10:00:00,12.65,0.0,3.05,69.5,1.0,1.54,185.54,54.53,548619.0,0.0,0
2022-03-09 11:00:00,13.375,0.0,2.825,66.75,1.0,2.19,220.9,38.49,505740.0,0.0,0
2022-03-09 12:00:00,14.2,0.0,3.25,64.25,1.0,2.675,235.99,22.3,465065.0,0.0,0
2022-03-09 13:00:00,14.75,0.0,3.475,62.25,1.0,2.915,234.54,15.56,440655.0,8.8,1
2022-03-09 14:00:00,14.825,0.0,3.2,61.5,1.0,2.865,214.34,19.45,440921.0,12.7,1
2022-03-09 15:00:00,14.925,0.0,2.7,60.25,1.0,2.58,170.88,8.23,457329.0,0.0,0
2022-03-09 16:00:00,14.825,0.0,2.9,57.25,0.975,2.065,110.12,3.53,494641.0,0.0,0
2022-03-09 17:00:00,14.325,0.0,2.85,54.75,1.0,1.365,44.56,2.21,558884.0,0.0,0
2022-03-09 18:00:00,12.775,0.0,2.575,71.5,0.9,0.59,7.23,12.59,649636.0,0.0,0
2022-03-09 19:00:00,11.25,0.0,1.75,73.75,0.15,0.055,8.35,8.87,764626.0,0.0,0
2022-03-09 20:00:00,10.4,0.0,1.95,82.0,0.0,0.0,8.34,8.42,835158.0,0.0,0
2022-03-09 21:00:00,10.1,0.0,1.85,80.0,0.0,0.0,5.71,6.04,839588.0,0.0,0
2022-03-09 22:00:00,9.55,0.0,1.85,78.0,0.0,0.0,1.52,2.57,826021.0,0.0,0
2022-03-09 23:00:00,8.75,0.0,1.6,75.5,0.0,0.0,0.29,2.28,813382.0,0.0,0
2022-03-10 00:00:00,7.975,0.0,1.6,79.75,0.0,0.0,0.19,1.14,805480.0,0.0,0
2022-03-10 01:00:00,7.95,0.0,1.75,71.75,0.0,0.0,0.26,0.66,764641.0,0.0,0
2022-03-10 02:00:00,7.85,0.0,2.075,71.75,0.0,0.0,0.25,1.61,738630.0,0.0,0
2022-03-10 03:00:00,7.4,0.0,2.25,71.25,0.0,0.0,0.25,2.2,721910.0,0.0,0
2022-03-10 04:00:00,7.35,0.0,2.475,72.5,0.0,0.0,0.24,4.0,712686.0,0.0,0
2022-03-10 05:00:00,6.975,0.0,2.4,71.75,0.0,0.0,0.24,4.34,718970.0,0.0,0
2022-03-10 06:00:00,7.05,0.0,2.6,71.25,0.0,0.0,0.34,16.72,734993.0,0.0,0
2022-03-10 07:00:00,6.825,0.0,2.45,74.25,0.0,0.0,14.95,20.13,768635.0,0.0,0
2022-03-10 08:00:00,8.175,0.0,2.425,72.25,0.5,0.175,80.6,27.22,771963.0,0.0,0
2022-03-10 09:00:00,12.975,0.0,1.825,58.75,1.0,0.955,153.37,26.06,675252.0,0.0,0
2022-03-10 10:00:00,14.825,0.0,2.975,53.5,1.0,1.73,194.48,37.62,605268.0,0.0,0
2022-03-10 11:00:00,15.65,0.0,3.65,55.0,1.0,2.385,224.3,54.76,562727.0,0.0,0
2022-03-10 12:00:00,16.375,0.0,3.7,52.5,1.0,2.785,235.84,64.03,522251.0,0.0,0
2022-03-10 13:00:00,16.575,0.0,3.75,59.75,1.0,2.945,233.0,52.19,488849.0,7.8,1
2022-03-10 14:00:00,16.725,0.0,3.75,58.25,1.0,2.82,215.49,52.72,499353.0,15.9,1
2022-03-10 15:00:00,16.625,0.0,3.85,60.25,1.0,2.57,172.79,49.2,514082.0,0.4,1
2022-03-10 16:00:00,16.475,0.0,3.925,58.5,1.0,1.99,97.82,35.14,551966.0,0.0,0
2022-03-10 17:00:00,15.725,0.0,3.275,60.0,1.0,1.105,37.7,15.74,625003.0,0.0,0
2022-03-10 18:00:00,14.65,0.0,2.45,65.0,0.55,0.385,6.59,23.3,697405.0,0.0,0
2022-03-10 19:00:00,13.5,0.0,1.325,70.0,0.0,0.03,8.33,29.23,787727.0,0.0,0
2022-03-10 20:00:00,12.875,0.0,1.85,73.0,0.0,0.0,8.26,32.05,839380.0,0.0,0
2022-03-10 21:00:00,12.525,0.0,1.975,74.5,0.0,0.0,5.53,35.77,830241.0,0.0,0
2022-03-10 22:00:00,12.85,0.0,2.45,72.5,0.0,0.0,1.52,44.01,801541.0,0.0,0
2022-03-10 23:00:00,13.075,0.0,2.55,72.0,0.0,0.0,0.29,50.3,775632.0,0.0,0
2022-03-11 00:00:00,13.3,0.0,1.8,72.5,0.0,0.0,0.19,50.51,748610.0,0.0,0
2022-03-12 01:00:00,14.425,0.0,2.15,77.5,0.0,0.0,0.02,3.83,690671.0,0.0,0
2022-03-12 02:00:00,13.95,0.0,1.975,79.5,0.0,0.0,0.0,4.19,657089.0,0.0,0
2022-03-12 03:00:00,13.85,0.0,2.075,80.25,0.0,0.0,0.0,3.37,642262.0,0.0,0
2022-03-12 04:00:00,13.575,0.0,1.8,80.25,0.0,0.0,0.02,4.97,636385.0,0.0,0
2022-03-12 05:00:00,13.225,0.0,1.825,81.0,0.0,0.0,0.02,10.21,641654.0,0.0,0
2022-03-12 06:00:00,13.025,0.0,1.9,82.5,0.0,0.0,0.16,19.56,666296.0,0.0,0
2022-03-12 07:00:00,12.9,0.0,2.05,84.0,0.0,0.0,17.9,29.88,689998.0,0.0,0
2022-03-12 08:00:00,14.15,0.0,2.125,82.75,0.55,0.26,77.87,36.31,655953.0,0.0,0
2022-03-12 09:00:00,17.35,0.0,2.525,75.25,1.0,0.93,144.2,30.37,562633.0,0.0,0
2022-03-12 10:00:00,18.9,0.0,3.325,70.0,1.0,1.7,187.08,62.38,512278.0,0.0,0
2022-03-12 11:00:00,19.8,0.0,4.55,66.75,1.0,2.305,217.04,38.15,477478.0,5.5,1
2022-03-12 12:00:00,20.2,0.0,4.775,66.25,1.0,2.715,228.97,8.48,446506.0,66.2,1
2022-03-12 13:00:00,20.675,0.0,4.675,64.75,1.0,2.91,229.33,6.27,424774.0,98.3,1
2022-03-12 14:00:00,20.775,0.0,4.8,65.75,1.0,2.825,210.15,30.38,426265.0,98.8,1
2022-03-12 15:00:00,20.2,0.0,4.975,69.75,1.0,2.535,163.06,95.27,443034.0,72.3,1
2022-03-12 16:00:00,19.875,0.0,5.15,68.25,1.0,2.005,87.45,132.65,481908.0,20.1,1
2022-03-12 17:00:00,18.8,0.0,4.25,75.25,0.7,1.195,39.65,116.88,565874.0,0.0,0
2022-03-12 18:00:00,17.75,0.0,3.775,81.75,0.65,0.575,6.12,134.45,624693.0,0.0,0
2022-03-12 19:00:00,16.925,0.0,3.6,86.0,0.025,0.055,8.33,120.77,698452.0,0.0,0
2022-03-12 20:00:00,16.875,0.0,3.975,85.25,0.0,0.0,8.21,118.57,728402.0,0.0,0
2022-03-12 21:00:00,16.775,0.0,3.65,85.25,0.0,0.0,5.6,106.71,717573.0,0.0,0
2022-03-12 22:00:00,16.65,0.0,3.05,84.75,0.0,0.0,1.51,98.86,702122.0,0.0,0
2022-03-12 23:00:00,16.833,0.0,1.867,82.667,0.0,0.0,0.28,93.85,683565.0,0.0,0
2022-03-13 00:00:00,17.033,0.0,1.9,82.333,0.0,0.0,0.19,121.55,667091.0,0.0,0
2022-03-26 01:00:00,18.075,0.0,9.375,92.75,0.0,0.0,0.04,133.1,664640.0,0.0,0
2022-03-26 02:00:00,17.75,0.0,8.4,94.25,0.0,0.0,0.0,140.74,626973.0,0.0,0
2022-03-26 03:00:00,17.175,12.125,6.825,94.25,0.0,0.0,0.0,127.24,603324.0,0.0,0
2022-03-26 04:00:00,16.35,0.0,7.325,94.5,0.0,0.0,0.02,84.15,602009.0,0.0,0
2022-03-26 05:00:00,15.2,0.0,7.05,96.75,0.0,0.0,0.03,73.99,603027.0,0.0,0
2022-03-26 06:00:00,14.275,1.85,5.525,96.75,0.0,0.0,0.51,69.52,623262.0,0.0,0
2022-03-26 07:00:00,14.075,0.0,5.625,90.0,0.0,0.0,3.89,91.41,641700.0,0.0,0
2022-03-26 08:00:00,12.8,0.0,7.075,93.25,0.0,0.0,15.75,104.26,646770.0,0.0,0
2022-03-26 09:00:00,12.35,0.0,6.25,90.5,0.0,0.02,43.3,120.75,660161.0,0.0,0
2022-03-26 10:00:00,12.15,0.0,7.525,90.5,0.0,0.12,60.71,178.74,655800.0,0.0,0
2022-03-26 11:00:00,11.675,0.0,9.5,87.75,0.2,0.135,71.07,184.33,668018.0,0.0,0
2022-03-26 12:00:00,12.575,0.0,8.675,84.0,0.25,0.39,111.1,187.21,653442.0,0.0,0
2022-03-26 13:00:00,12.875,0.0,8.475,84.25,0.275,0.425,105.88,175.82,612997.0,15.3,1
2022-03-26 14:00:00,12.4,0.0,8.175,85.0,0.375,0.315,70.58,205.36,620164.0,22.2,1
2022-03-26 15:00:00,12.2,0.1,9.4,85.0,0.325,0.26,60.23,215.56,642040.0,0.0,0
2022-03-26 16:00:00,12.2,0.0,8.225,81.5,0.3,0.41,47.97,205.36,640975.0,0.0,0
2022-03-26 17:00:00,12.025,0.0,8.15,78.25,0.35,0.39,26.02,217.14,655669.0,0.0,0
2022-03-26 18:00:00,11.45,0.0,7.1,78.5,0.15,0.12,2.78,229.51,697734.0,0.0,0
2022-03-26 19:00:00,10.875,0.0,6.75,79.25,0.0,0.01,2.14,226.71,763270.0,0.0,0
2022-03-26 20:00:00,11.025,0.0,5.375,75.75,0.0,0.0,0.65,198.54,801302.0,0.0,0
2022-03-26 21:00:00,10.9,0.0,5.725,75.25,0.0,0.0,0.52,203.89,789386.0,0.0,0
2022-03-26 22:00:00,10.575,0.0,5.4,74.75,0.0,0.0,0.02,201.28,774773.0,0.0,0
2022-03-26 23:00:00,10.375,0.0,6.2,73.5,0.0,0.0,0.0,191.42,765805.0,0.0,0
2022-03-27 00:00:00,10.3,0.0,5.8,71.0,0.0,0.0,0.0,185.06,759078.0,0.0,0
2022-03-27 01:00:00,10.675,0.0,6.25,64.25,0.0,0.0,0.01,188.72,719383.0,0.0,0
2022-03-27 02:00:00,10.525,0.0,6.075,63.75,0.0,0.0,0.0,181.57,688120.0,0.0,0
2022-03-27 03:00:00,10.275,0.0,6.2,64.25,0.0,0.0,0.0,144.55,677020.0,0.0,0
2022-03-27 04:00:00,10.2,0.0,4.4,62.75,0.0,0.0,0.0,128.91,663592.0,0.0,0
2022-03-27 05:00:00,10.775,0.0,3.775,54.75,0.0,0.0,0.0,142.9,657806.0,0.0,0
2022-03-27 06:00:00,11.025,0.0,3.5,51.5,0.0,0.0,1.71,99.96,673055.0,0.0,0
2022-03-27 07:00:00,11.05,0.0,3.375,51.0,0.025,0.015,24.2,73.82,686855.0,0.0,0
2022-03-27 08:00:00,12.525,0.0,2.525,44.25,0.175,0.255,75.56,78.91,624194.0,0.0,0
2022-03-27 09:00:00,13.85,0.0,2.925,44.0,0.7,0.985,135.8,57.84,548955.0,0.0,0
2022-03-27 10:00:00,15.075,0.0,2.775,39.5,1.0,1.675,199.61,19.08,500590.0,0.0,0
2022-03-27 11:00:00,16.225,0.0,2.875,34.75,1.0,2.66,201.32,3.58,427719.0,0.0,0
2022-03-27 12:00:00,16.975,0.0,3.575,36.5,1.0,2.995,192.55,3.81,397725.0,79.7,1
2022-03-27 13:00:00,17.625,0.0,3.875,37.75,1.0,3.25,172.01,3.14,402772.0,79.7,1
2022-03-27 14:00:00,17.7,0.0,3.95,37.5,1.0,3.25,194.78,5.35,413486.0,79.7,1
2022-03-27 15:00:00,17.95,0.0,4.6,35.75,1.0,2.805,168.44,32.2,417539.0,0.0,0
2022-03-27 16:00:00,17.25,0.0,5.85,38.0,1.0,2.18,114.42,92.79,453555.0,0.0,0
2022-03-27 17:00:00,15.025,0.0,5.775,51.75,0.825,1.415,40.21,95.51,524644.0,0.0,0
2022-03-27 18:00:00,13.175,0.0,5.275,64.5,0.325,0.395,6.88,134.0,627016.0,0.0,0
2022-03-27 19:00:00,11.75,0.0,4.875,69.5,0.0,0.02,8.23,167.94,721173.0,0.0,0
2022-03-27 20:00:00,11.35,0.0,5.025,65.75,0.0,0.0,8.11,157.31,786312.0,0.0,0
2022-03-27 21:00:00,10.7,0.0,5.025,61.75,0.0,0.0,5.59,147.21,798113.0,0.0,0
2022-03-27 22:00:00,10.1,0.0,4.775,52.5,0.0,0.0,1.5,166.08,792744.0,0.0,0
2022-03-27 23:00:00,9.55,0.0,4.5,49.5,0.0,0.0,0.28,179.87,780886.0,0.0,0
2022-03-28 00:00:00,9.05,0.0,4.85,45.25,0.0,0.0,0.19,148.34,764620.0,0.0,0
2022-03-29 01:00:00,10.45,0.0,2.425,64.5,0.0,0.0,0.25,17.25,753891.0,0.0,0
2022-03-29 02:00:00,10.425,0.0,2.075,65.75,0.0,0.0,0.25,13.85,723375.0,0.0,0
2022-03-29 03:00:00,10.1,0.0,1.7,65.75,0.0,0.0,0.25,12.82,700396.0,0.0,0
2022-03-29 04:00:00,10.075,0.0,2.225,67.25,0.0,0.0,0.22,21.8,694128.0,0.0,0
2022-03-29 05:00:00,9.625,0.0,2.575,70.25,0.0,0.0,0.23,31.05,697551.0,0.0,0
2022-03-29 06:00:00,9.25,0.0,2.025,72.25,0.0,0.0,1.64,18.62,716273.0,0.0,0
2022-03-29 07:00:00,9.3,0.0,1.75,72.25,0.0,0.015,20.88,14.91,744921.0,0.0,0
2022-03-29 08:00:00,10.625,0.0,2.425,69.25,0.375,0.345,85.12,10.38,735939.0,0.0,0
2022-03-29 09:00:00,13.5,0.0,3.175,58.75,0.825,1.25,170.56,18.0,648186.0,0.0,0
2022-03-29 10:00:00,14.775,0.0,2.725,56.25,1.0,2.105,210.48,14.02,569341.0,0.0,0
2022-03-29 11:00:00,15.475,0.0,4.225,57.75,1.0,2.73,236.12,8.09,520895.0,0.0,0
2022-03-29 12:00:00,15.075,0.0,3.9,60.5,1.0,3.13,245.93,5.43,491240.0,0.0,0
2022-03-29 13:00:00,15.8,0.0,4.525,60.25,1.0,3.255,245.62,13.75,460730.0,6.1,1
2022-03-29 14:00:00,16.25,0.0,4.7,64.75,1.0,3.14,227.31,29.91,467504.0,6.7,1
2022-03-29 15:00:00,15.95,0.0,3.8,65.0,1.0,2.8,186.99,29.19,485556.0,3.2,1
2022-03-29 16:00:00,16.175,0.0,4.375,62.25,1.0,2.265,127.07,23.24,521521.0,0.0,0
2022-03-29 17:00:00,15.75,0.0,4.075,64.75,1.0,1.55,58.22,22.17,580482.0,0.0,0
2022-03-29 18:00:00,15.225,0.0,3.175,68.0,0.95,0.735,11.64,31.84,651831.0,0.0,0
2022-03-29 19:00:00,14.25,0.0,2.25,71.5,0.3,0.12,8.24,28.64,739113.0,0.0,0
2022-03-29 20:00:00,13.65,0.0,2.225,76.5,0.0,0.0,8.24,24.67,821687.0,0.0,0
2022-03-29 21:00:00,12.2,0.0,3.0,81.5,0.0,0.0,6.01,23.01,829232.0,0.0,0
2022-03-29 22:00:00,11.65,0.0,1.75,82.75,0.0,0.0,1.55,31.76,812768.0,0.0,0
2022-03-29 23:00:00,11.525,0.0,2.325,83.75,0.0,0.0,0.27,45.34,793236.0,0.0,0
2022-03-30 00:00:00,12.0,0.0,2.525,83.75,0.0,0.0,0.18,61.45,763766.0,0.0,0
2022-04-03 01:00:00,7.825,0.0,3.775,64.5,0.0,0.0,0.25,77.97,784414.0,0.0,0
2022-04-03 02:00:00,7.225,0.0,2.85,65.5,0.0,0.0,0.22,113.0,753734.0,0.0,0
2022-04-03 03:00:00,6.975,0.0,3.125,65.75,0.0,0.0,0.19,115.03,737922.0,0.0,0
2022-04-03 04:00:00,6.75,0.0,3.225,65.5,0.0,0.0,0.19,109.35,735610.0,0.0,0
2022-04-03 05:00:00,6.55,0.0,2.775,66.0,0.0,0.0,0.18,117.74,737614.0,0.0,0
2022-04-03 06:00:00,6.475,0.0,2.75,64.5,0.0,0.0,3.26,106.26,748703.0,0.0,0
2022-04-03 07:00:00,6.9,0.0,3.075,61.75,0.25,0.045,40.96,69.37,752197.0,0.0,0
2022-04-03 08:00:00,9.3,0.0,2.55,57.5,0.975,0.515,114.89,54.24,647847.0,0.0,0
2022-04-03 09:00:00,11.375,0.0,3.1,52.5,1.0,1.385,182.41,47.75,521390.0,0.0,0
2022-04-03 10:00:00,12.325,0.0,3.275,51.5,1.0,2.195,221.54,29.89,468499.0,0.0,0
2022-04-03 11:00:00,12.6,0.0,3.3,52.75,1.0,2.82,245.52,3.82,431818.0,3.7,1
2022-04-03 12:00:00,13.225,0.0,3.55,48.0,1.0,3.23,253.21,3.84,407859.0,25.3,1
2022-04-03 13:00:00,13.7,0.0,4.025,49.5,1.0,3.38,244.5,3.98,395917.0,26.5,1
2022-04-03 14:00:00,13.55,0.0,4.2,46.5,1.0,3.29,227.75,5.99,400006.0,26.5,1
2022-04-03 15:00:00,13.875,0.0,4.0,46.0,1.0,2.97,183.41,25.82,411611.0,19.5,1
2022-04-03 16:00:00,13.775,0.0,3.8,46.25,1.0,2.41,127.06,26.46,448702.0,0.0,0
2022-04-03 17:00:00,13.6,0.0,3.45,49.5,1.0,1.675,60.36,26.88,516757.0,0.0,0
2022-04-03 18:00:00,12.75,0.0,3.2,54.25,1.0,0.85,12.43,33.95,605668.0,0.0,0
2022-04-03 19:00:00,11.325,0.0,2.4,61.5,0.45,0.155,8.27,35.08,719659.0,0.0,0
2022-04-03 20:00:00,10.5,0.0,2.725,66.0,0.0,0.0,8.29,50.78,827408.0,0.0,0
2022-04-03 21:00:00,9.95,0.0,2.725,68.0,0.0,0.0,6.08,40.68,847025.0,0.0,0
2022-04-03 22:00:00,9.475,0.0,2.625,70.75,0.0,0.0,1.53,30.45,843885.0,0.0,0
2022-04-03 23:00:00,9.15,0.0,2.825,72.0,0.0,0.0,0.28,24.95,829602.0,0.0,0
2022-04-04 00:00:00,8.75,0.0,3.075,70.0,0.0,0.0,0.19,14.17,810685.0,0.0,0
2022-04-07 01:00:00,11.0,0.0,2.2,87.5,0.0,0.0,0.24,15.71,746708.0,0.0,0
2022-04-07 02:00:00,10.85,0.0,2.375,82.5,0.0,0.0,0.24,20.1,714320.0,0.0,0
2022-04-07 03:00:00,10.625,0.0,2.5,81.5,0.0,0.0,0.24,18.59,696459.0,0.0,0
2022-04-07 04:00:00,10.425,0.0,2.075,80.25,0.0,0.0,0.23,11.76,691261.0,0.0,0
2022-04-07 05:00:00,10.4,0.0,2.625,82.75,0.0,0.0,0.22,21.39,693374.0,0.0,0
2022-04-07 06:00:00,10.9,0.0,2.325,82.5,0.0,0.0,2.53,37.11,714698.0,0.0,0
2022-04-07 07:00:00,11.35,0.0,4.275,82.25,0.0,0.0,23.81,120.0,724152.0,0.0,0
2022-04-07 08:00:00,12.075,0.0,2.85,84.0,0.225,0.135,79.85,45.34,702187.0,0.0,0
2022-04-07 09:00:00,14.45,0.0,3.975,74.5,0.825,0.88,134.92,61.98,626210.0,0.0,0
2022-04-07 10:00:00,14.75,0.0,4.025,73.25,0.65,1.225,192.41,44.29,602483.0,0.0,0
2022-04-07 11:00:00,15.7,0.0,3.5,70.5,0.925,2.225,225.53,31.03,535526.0,0.0,0
2022-04-07 12:00:00,17.075,0.0,3.375,67.25,1.0,2.965,239.71,24.2,489934.0,0.7,1
2022-04-07 13:00:00,16.875,0.0,4.45,69.25,1.0,3.04,233.91,14.41,490008.0,36.7,1
2022-04-07 14:00:00,16.55,0.0,4.25,67.25,1.0,2.895,212.1,23.43,477396.0,37.2,1
2022-04-07 15:00:00,17.025,0.0,4.525,65.0,1.0,2.65,171.14,41.86,500322.0,4.7,1
2022-04-07 16:00:00,16.3,0.0,4.3,70.25,1.0,2.16,120.12,49.19,540691.0,0.0,0
2022-04-07 17:00:00,16.375,0.0,4.05,64.25,1.0,1.575,59.92,62.71,587649.0,0.0,0
2022-04-07 18:00:00,15.15,0.0,3.725,65.0,0.975,0.83,13.05,58.3,654999.0,0.0,0
2022-04-07 19:00:00,13.65,0.0,3.35,72.5,0.45,0.165,8.25,91.54,723432.0,0.0,0
2022-04-07 20:00:00,13.3,0.0,2.875,72.0,0.0,0.0,8.28,76.81,811263.0,0.0,0
2022-04-07 21:00:00,12.725,0.0,3.2,72.75,0.0,0.0,6.04,55.51,825494.0,0.0,0
2022-04-07 22:00:00,12.2,0.0,2.4,74.0,0.0,0.0,1.55,44.39,815983.0,0.0,0
2022-04-07 23:00:00,11.725,0.0,1.925,72.5,0.0,0.0,0.27,34.9,804237.0,0.0,0
2022-04-08 00:00:00,11.225,0.0,2.25,74.75,0.0,0.0,0.18,29.43,790615.0,0.0,0
2022-04-08 01:00:00,10.725,0.0,1.75,72.25,0.0,0.0,0.24,27.12,748749.0,0.0,0
2022-04-08 02:00:00,10.325,0.0,2.225,66.25,0.0,0.0,0.24,24.97,721180.0,0.0,0
2022-04-08 03:00:00,10.275,0.0,1.95,63.5,0.0,0.0,0.25,15.41,702672.0,0.0,0
2022-04-08 04:00:00,10.55,0.0,1.9,62.0,0.0,0.0,0.24,12.85,697031.0,0.0,0
2022-04-08 05:00:00,10.875,0.0,2.275,62.75,0.0,0.0,0.23,28.0,702904.0,0.0,0
2022-04-08 06:00:00,10.625,0.0,2.025,64.0,0.0,0.0,4.38,15.26,721466.0,0.0,0
2022-04-08 07:00:00,11.325,0.0,2.125,59.25,0.35,0.08,43.54,5.02,735868.0,0.0,0
2022-04-08 08:00:00,13.65,0.0,1.125,58.5,1.0,0.62,112.94,0.16,654810.0,0.0,0
2022-04-08 09:00:00,16.55,0.0,1.575,52.75,1.0,1.425,173.72,0.12,580934.0,0.0,0
2022-04-08 10:00:00,17.525,0.0,2.225,48.75,1.0,2.26,208.65,1.63,541694.0,0.0,0
2022-04-08 11:00:00,18.15,0.0,2.675,46.75,1.0,2.865,233.19,2.84,502642.0,0.0,0
2022-04-08 12:00:00,18.175,0.0,2.775,48.5,1.0,3.235,240.86,1.73,481409.0,0.0,0
2022-04-08 13:00:00,18.525,0.0,3.35,50.5,1.0,3.36,239.77,4.94,464616.0,0.0,0
2022-04-08 14:00:00,18.675,0.0,2.8,46.75,1.0,3.285,219.87,2.95,470293.0,0.0,0
2022-04-08 15:00:00,18.825,0.0,2.7,49.0,1.0,2.925,181.04,2.23,485049.0,0.0,0
2022-04-08 16:00:00,18.6,0.0,2.75,51.0,1.0,2.375,124.18,3.72,519880.0,0.0,0
2022-04-08 17:00:00,18.325,0.0,2.7,54.75,1.0,1.7,59.56,4.09,575614.0,0.0,0
2022-04-08 18:00:00,17.7,0.0,2.8,55.25,0.95,0.89,13.28,9.46,643768.0,0.0,0
2022-04-08 19:00:00,16.375,0.0,2.425,61.0,0.5,0.19,8.26,25.4,707973.0,0.0,0
2022-04-08 20:00:00,15.45,0.0,1.825,65.25,0.0,0.0,8.23,27.78,796150.0,0.0,0
2022-04-08 21:00:00,14.4,0.0,2.175,66.25,0.0,0.0,5.67,32.12,818715.0,0.0,0
2022-04-08 22:00:00,14.15,0.0,2.675,69.0,0.0,0.0,1.44,49.2,812140.0,0.0,0
2022-04-08 23:00:00,13.875,0.0,2.675,70.0,0.0,0.0,0.28,45.67,795065.0,0.0,0
2022-04-09 00:00:00,13.65,0.0,2.675,63.75,0.0,0.0,0.19,41.8,782260.0,0.0,0
2022-04-09 01:00:00,13.175,0.0,2.475,66.75,0.0,0.0,0.26,45.2,740826.0,0.0,0
2022-04-09 02:00:00,13.525,0.0,2.925,61.75,0.0,0.0,0.25,59.94,708114.0,0.0,0
2022-04-09 03:00:00,13.3,0.0,3.0,61.25,0.0,0.0,0.25,66.25,690238.0,0.0,0
2022-04-09 04:00:00,12.925,0.0,2.825,66.0,0.0,0.0,0.24,60.39,680478.0,0.0,0
2022-04-09 05:00:00,12.875,0.0,3.1,69.5,0.0,0.0,0.23,84.87,680042.0,0.0,0
2022-04-09 06:00:00,13.1,0.0,2.875,71.75,0.0,0.0,4.85,89.27,692279.0,0.0,0
2022-04-09 07:00:00,13.95,0.0,3.175,72.0,0.325,0.08,43.71,65.72,690763.0,0.0,0
2022-04-09 08:00:00,16.375,0.0,3.2,67.5,1.0,0.65,112.54,39.59,595736.0,0.0,0
2022-04-09 09:00:00,18.225,0.0,3.675,64.25,1.0,1.455,173.75,32.96,529094.0,0.0,0
2022-04-09 10:00:00,19.4,0.0,3.925,61.0,1.0,2.25,207.15,3.82,490497.0,17.3,1
2022-04-09 11:00:00,20.2,0.0,4.625,55.5,1.0,2.86,209.42,4.45,463806.0,0.0,0
2022-04-09 12:00:00,20.4,0.0,4.9,57.25,1.0,3.25,193.44,4.46,440069.0,46.1,1
2022-04-09 13:00:00,20.475,0.0,5.25,55.25,1.0,3.39,190.31,6.05,439453.0,46.1,1
2022-04-09 14:00:00,20.65,0.0,5.025,55.0,1.0,3.295,176.6,10.61,450526.0,46.1,1
2022-04-09 15:00:00,20.6,0.0,5.025,54.5,1.0,2.965,157.52,11.71,463390.0,0.0,0
2022-04-09 16:00:00,20.175,0.0,4.675,54.5,1.0,2.425,123.23,51.16,470507.0,46.1,1
2022-04-09 17:00:00,19.85,0.0,3.925,54.25,1.0,1.705,59.19,59.18,527935.0,0.0,0
2022-04-09 18:00:00,19.1,0.0,3.925,55.25,0.95,0.89,12.86,52.06,611696.0,0.0,0
2022-04-09 19:00:00,17.45,0.0,2.95,59.0,0.475,0.18,8.26,46.72,685610.0,0.0,0
2022-04-09 20:00:00,16.2,0.0,2.25,62.5,0.0,0.0,8.05,47.47,768138.0,0.0,0
2022-04-09 21:00:00,15.3,0.0,2.0,64.5,0.0,0.0,5.23,42.57,796442.0,0.0,0
2022-04-09 22:00:00,14.725,0.0,2.325,61.5,0.0,0.0,1.39,54.98,795238.0,0.0,0
2022-04-09 23:00:00,14.25,0.0,2.475,60.0,0.0,0.0,0.27,62.94,786180.0,0.0,0
2022-04-10 00:00:00,14.175,0.0,2.7,60.0,0.0,0.0,0.18,79.86,768605.0,0.0,0
2022-04-10 01:00:00,14.025,0.0,2.7,63.25,0.0,0.0,0.24,81.22,719061.0,0.0,0
2022-04-10 02:00:00,13.925,0.0,2.775,65.25,0.0,0.0,0.2,78.2,687624.0,0.0,0
2022-04-10 03:00:00,13.725,0.0,2.825,65.25,0.0,0.0,0.18,65.21,662777.0,0.0,0
2022-04-10 04:00:00,13.7,0.0,3.1,64.25,0.0,0.0,0.2,51.03,651369.0,0.0,0
2022-04-10 05:00:00,13.825,0.0,2.775,65.25,0.0,0.0,0.21,66.09,650392.0,0.0,0
2022-04-10 06:00:00,14.4,0.0,2.9,66.0,0.0,0.0,5.28,62.82,656069.0,0.0,0
2022-04-10 07:00:00,15.275,0.0,2.925,67.5,0.1,0.07,34.3,59.67,637671.0,0.0,0
2022-04-10 08:00:00,17.4,0.0,2.975,64.75,0.525,0.575,91.25,68.5,571313.0,0.0,0
2022-04-10 09:00:00,19.375,0.0,4.25,58.0,0.95,1.175,122.57,36.29,519058.0,26.0,1
2022-04-10 10:00:00,19.9,0.0,4.1,55.0,0.825,1.535,152.85,22.5,506059.0,77.6,1
2022-04-10 11:00:00,20.425,0.0,4.65,55.25,0.8,2.18,166.32,8.17,483413.0,0.0,0
2022-04-10 12:00:00,21.35,0.0,3.675,54.5,0.85,2.46,182.9,11.33,462893.0,97.7,1
2022-04-10 13:00:00,21.425,0.0,3.8,55.75,1.0,2.87,176.7,8.35,452083.0,0.0,0
2022-04-10 14:00:00,21.65,0.0,3.775,54.5,1.0,2.695,171.28,5.4,451492.0,0.0,0
2022-04-10 15:00:00,21.575,0.0,4.125,55.0,0.975,2.475,116.34,46.06,460648.0,96.1,1
2022-04-10 16:00:00,20.975,0.0,3.55,57.0,0.575,1.695,70.63,55.14,510202.0,22.0,1
2022-04-10 17:00:00,20.475,0.0,3.45,60.25,0.175,0.9,40.58,45.52,565590.0,0.0,0
2022-04-10 18:00:00,19.675,0.0,2.125,65.5,0.175,0.515,12.92,31.01,615682.0,0.0,0
2022-04-10 19:00:00,18.975,0.0,1.825,67.25,0.025,0.125,8.23,39.48,663693.0,0.0,0
2022-04-10 20:00:00,18.675,0.0,2.2,69.0,0.0,0.0,8.2,42.58,723983.0,0.0,0
2022-04-10 21:00:00,18.125,0.0,2.0,70.25,0.0,0.0,5.02,41.71,740221.0,0.0,0
2022-04-10 22:00:00,17.65,0.0,2.325,72.0,0.0,0.0,1.33,48.46,730765.0,0.0,0
2022-04-10 23:00:00,18.05,0.0,2.5,73.5,0.0,0.0,0.27,52.84,702206.0,0.0,0
2022-04-11 00:00:00,18.2,0.0,2.5,80.25,0.0,0.0,0.18,50.08,668048.0,0.0,0
2022-04-12 01:00:00,18.225,0.0,1.775,90.75,0.0,0.0,0.24,14.64,639208.0,0.0,0
2022-04-12 02:00:00,18.075,0.0,1.975,89.5,0.0,0.0,0.23,18.09,597671.0,0.0,0
2022-04-12 03:00:00,17.45,0.0,1.475,93.0,0.0,0.0,0.23,16.57,564298.0,0.0,0
2022-04-12 04:00:00,17.625,0.0,1.875,96.0,0.0,0.0,0.2,8.74,555099.0,0.0,0
2022-04-12 05:00:00,17.675,0.0,1.525,96.25,0.0,0.0,0.21,11.51,562295.0,0.0,0
2022-04-12 06:00:00,17.0,0.0,1.925,92.75,0.0,0.0,3.65,4.79,602603.0,0.0,0
2022-04-12 07:00:00,17.25,0.0,1.825,94.75,0.075,0.03,37.78,4.51,626608.0,0.0,0
2022-04-12 08:00:00,18.375,0.0,1.65,93.0,0.575,0.58,105.56,3.37,598136.0,0.0,0
2022-04-12 09:00:00,19.3,0.0,2.4,89.25,0.6,1.165,142.57,5.87,562186.0,0.0,0
2022-04-12 10:00:00,20.325,0.0,2.825,86.0,0.625,1.87,185.35,7.51,549008.0,0.0,0
2022-04-12 11:00:00,20.225,0.0,3.6,87.0,0.525,2.37,211.79,8.69,520024.0,0.0,0
2022-04-12 12:00:00,20.575,0.0,4.025,86.0,0.5,2.785,208.96,8.57,501429.0,3.9,1
2022-04-12 13:00:00,20.55,0.0,4.625,86.5,0.6,2.905,194.45,21.26,498868.0,15.0,1
2022-04-12 14:00:00,21.15,0.0,4.2,85.0,0.575,2.945,193.87,13.29,518943.0,1.5,1
2022-04-12 15:00:00,20.45,0.0,4.425,86.25,0.8,2.715,145.02,17.87,525595.0,0.0,0
2022-04-12 16:00:00,19.95,0.0,4.35,88.25,0.35,1.94,76.73,18.37,569510.0,0.0,0
2022-04-12 17:00:00,19.45,0.0,3.7,91.5,0.25,1.21,39.77,11.2,626761.0,0.0,0
2022-04-12 18:00:00,18.775,0.0,2.9,94.5,0.225,0.625,11.88,5.13,671459.0,0.0,0
2022-04-12 19:00:00,18.425,0.0,2.3,94.5,0.2,0.165,8.0,10.16,707809.0,0.0,0
2022-04-12 20:00:00,17.65,0.0,2.625,96.75,0.0,0.0,7.36,9.83,738797.0,0.0,0
2022-04-12 21:00:00,17.525,0.0,2.425,97.5,0.0,0.0,4.82,12.61,733917.0,0.0,0
2022-04-12 22:00:00,17.65,0.0,1.975,98.0,0.0,0.0,1.46,9.51,713954.0,0.0,0
2022-04-12 23:00:00,17.625,0.0,2.125,98.5,0.0,0.0,0.26,4.45,689443.0,0.0,0
2022-04-13 00:00:00,17.8,0.0,2.05,98.0,0.0,0.0,0.17,3.77,660905.0,0.0,0
2022-04-15 01:00:00,13.9,0.0,3.8,81.5,0.0,0.0,0.06,52.52,678966.0,0.0,0
2022-04-15 02:00:00,13.725,0.0,3.5,80.5,0.0,0.0,0.06,42.88,638575.0,0.0,0
2022-04-15 03:00:00,13.525,0.0,3.1,81.0,0.0,0.0,0.05,46.94,617004.0,0.0,0
2022-04-15 04:00:00,13.325,0.0,4.375,81.5,0.0,0.0,0.0,52.11,607447.0,0.0,0
2022-04-15 05:00:00,13.075,0.0,3.225,81.25,0.0,0.0,0.01,64.28,614342.0,0.0,0
2022-04-15 06:00:00,13.025,0.0,3.2,80.5,0.0,0.0,2.08,59.64,628833.0,0.0,0
2022-04-15 07:00:00,13.075,0.0,3.625,79.25,0.0,0.05,19.14,54.31,649239.0,0.0,0
2022-04-15 08:00:00,13.325,0.0,3.225,78.25,0.05,0.275,41.53,68.77,655591.0,0.0,0
2022-04-15 09:00:00,13.7,0.0,4.075,76.0,0.15,0.495,90.4,66.08,657669.0,0.0,0
2022-04-15 10:00:00,14.55,0.0,4.525,73.5,0.15,1.16,138.31,72.74,609098.0,0.0,0
2022-04-15 11:00:00,14.925,0.0,5.075,71.25,0.5,2.165,166.96,61.01,555364.0,0.0,0
2022-04-15 12:00:00,15.6,0.0,5.0,69.25,0.625,2.555,203.09,5.17,526164.0,38.6,1
2022-04-15 13:00:00,15.825,0.0,4.875,68.0,0.875,3.185,203.89,4.01,462390.0,0.0,0
2022-04-15 14:00:00,16.175,0.0,4.575,67.5,0.9,3.09,177.48,15.77,468521.0,0.0,0
2022-04-15 15:00:00,16.35,0.0,3.9,65.25,1.0,2.36,143.6,54.52,495562.0,69.5,1
2022-04-15 16:00:00,15.925,0.0,4.65,64.5,0.85,1.735,79.33,119.46,544533.0,0.0,0
2022-04-15 17:00:00,15.25,0.0,5.175,63.75,0.1,0.94,42.38,177.21,605912.0,0.0,0
2022-04-15 18:00:00,14.375,0.0,6.25,64.5,0.075,0.465,10.78,195.8,653067.0,0.0,0
2022-04-15 19:00:00,13.725,0.0,6.275,64.25,0.0,0.065,7.9,201.23,721642.0,0.0,0
2022-04-15 20:00:00,13.275,0.0,5.975,64.5,0.0,0.0,7.85,211.68,788362.0,0.0,0
2022-04-15 21:00:00,12.95,0.0,5.425,64.5,0.0,0.0,5.65,206.87,801504.0,0.0,0
2022-04-15 22:00:00,12.75,0.0,4.625,62.25,0.0,0.0,1.45,194.08,788213.0,0.0,0
2022-04-15 23:00:00,12.45,0.0,4.275,64.25,0.0,0.0,0.26,183.31,774967.0,0.0,0
2022-04-16 00:00:00,11.9,0.0,4.025,64.75,0.0,0.0,0.18,135.11,766988.0,0.0,0
2022-04-16 01:00:00,11.8,0.0,5.1,63.5,0.0,0.0,0.24,114.46,725041.0,0.0,0
2022-04-16 02:00:00,11.65,0.0,4.15,63.25,0.0,0.0,0.24,125.92,681027.0,0.0,0
2022-04-16 03:00:00,11.3,0.0,3.675,66.25,0.0,0.0,0.24,87.41,666319.0,0.0,0
2022-04-16 04:00:00,11.2,0.0,1.925,65.0,0.0,0.0,0.23,78.09,656614.0,0.0,0
2022-04-16 05:00:00,11.25,0.0,2.625,66.25,0.0,0.0,0.22,60.98,650219.0,0.0,0
2022-04-16 06:00:00,10.725,0.0,3.025,71.75,0.0,0.0,7.53,29.05,668443.0,0.0,0
2022-04-16 07:00:00,10.85,0.0,2.025,72.0,0.325,0.13,48.57,13.07,670947.0,0.0,0
2022-04-16 08:00:00,12.8,0.0,2.2,66.0,0.975,0.65,107.02,13.51,580562.0,0.0,0
2022-04-16 09:00:00,13.725,0.0,3.225,64.0,0.95,1.37,169.69,23.26,524325.0,0.0,0
2022-04-16 10:00:00,14.75,0.0,3.575,62.5,0.925,2.135,206.3,6.67,485840.0,0.4,1
2022-04-16 11:00:00,15.125,0.0,3.125,59.0,0.975,2.855,214.46,4.31,456968.0,0.0,0
2022-04-16 12:00:00,15.575,0.0,4.025,63.25,0.975,3.27,208.33,4.5,436575.0,0.0,0
2022-04-16 13:00:00,15.55,0.0,4.525,61.75,1.0,3.41,206.36,4.26,438480.0,0.0,0
2022-04-16 14:00:00,15.75,0.0,4.225,59.5,1.0,3.34,192.15,4.16,441870.0,0.0,0
2022-04-16 15:00:00,16.125,0.0,3.925,59.75,1.0,2.995,175.24,12.9,450227.0,21.5,1
2022-04-16 16:00:00,15.5,0.0,4.425,65.75,1.0,2.485,117.67,23.32,463565.0,0.0,0
2022-04-16 17:00:00,15.075,0.0,4.75,66.75,1.0,1.645,51.14,37.59,527081.0,0.0,0
2022-04-16 18:00:00,14.375,0.0,3.575,68.25,0.65,0.68,14.27,54.99,607131.0,0.0,0
2022-04-16 19:00:00,13.45,0.0,3.55,67.5,0.1,0.15,8.33,56.7,690657.0,0.0,0
2022-04-16 20:00:00,13.0,0.0,3.275,66.25,0.0,0.0,8.17,42.58,778989.0,0.0,0
2022-04-16 21:00:00,12.5,0.0,2.95,64.75,0.0,0.0,5.43,34.22,802580.0,0.0,0
2022-04-16 22:00:00,12.2,0.0,3.3,62.5,0.0,0.0,1.35,66.8,795717.0,0.0,0
2022-04-16 23:00:00,11.775,0.0,2.425,64.75,0.0,0.0,0.27,69.53,778271.0,0.0,0
2022-04-17 00:00:00,11.925,0.0,2.075,59.5,0.0,0.0,0.19,51.63,760908.0,0.0,0
2022-04-17 01:00:00,11.65,0.0,3.075,58.25,0.0,0.0,0.25,59.99,717920.0,0.0,0
2022-04-17 02:00:00,10.975,0.0,4.0,59.0,0.0,0.0,0.25,106.93,694311.0,0.0,0
2022-04-17 03:00:00,11.05,0.0,4.025,61.75,0.0,0.0,0.25,141.29,684960.0,0.0,0
2022-04-17 04:00:00,10.95,0.0,3.35,54.75,0.0,0.0,0.24,147.02,676368.0,0.0,0
2022-04-17 05:00:00,10.5,0.0,2.925,54.5,0.0,0.0,0.24,158.0,677350.0,0.0,0
2022-04-17 06:00:00,10.575,0.0,3.025,54.5,0.0,0.0,7.27,151.03,688560.0,0.0,0
2022-04-17 07:00:00,10.975,0.0,2.7,49.0,0.6,0.115,51.89,119.04,675123.0,0.0,0
2022-04-17 08:00:00,13.625,0.0,2.25,40.75,1.0,0.74,123.52,66.78,564345.0,0.0,0
2022-04-17 09:00:00,15.575,0.0,2.9,36.5,1.0,1.64,181.03,9.91,487713.0,0.0,0
2022-04-17 10:00:00,16.725,0.0,3.475,36.25,1.0,2.46,180.4,5.37,436441.0,59.0,1
2022-04-17 11:00:00,16.75,0.0,3.75,39.5,1.0,3.06,177.61,3.97,415988.0,61.5,1
2022-04-17 12:00:00,17.675,0.0,3.85,36.75,1.0,3.425,172.87,3.59,421516.0,61.5,1
2022-04-17 13:00:00,18.05,0.0,3.675,38.5,1.0,3.545,170.18,4.84,419926.0,61.5,1
2022-04-17 14:00:00,18.375,0.0,4.375,40.0,1.0,3.43,160.76,6.32,423985.0,0.0,0
2022-04-17 15:00:00,18.475,0.0,4.525,44.5,1.0,3.105,154.89,11.3,432595.0,61.5,1
2022-04-17 16:00:00,18.125,0.0,4.25,46.75,1.0,2.535,125.38,31.9,444705.0,0.0,0
2022-04-17 17:00:00,17.4,0.0,4.5,48.25,1.0,1.745,56.21,30.45,500648.0,5.9,1
2022-04-17 18:00:00,16.0,0.0,3.3,55.75,0.875,0.735,14.25,21.4,593143.0,0.0,0
2022-04-17 19:00:00,14.7,0.0,2.8,57.25,0.05,0.13,8.28,49.69,672171.0,0.0,0
2022-04-17 20:00:00,13.825,0.0,2.4,56.0,0.0,0.0,8.11,71.12,769026.0,0.0,0
2022-04-17 21:00:00,13.4,0.0,1.9,53.5,0.0,0.0,5.61,62.83,788940.0,0.0,0
2022-04-17 22:00:00,13.55,0.0,2.25,48.75,0.0,0.0,1.43,61.73,780901.0,0.0,0
2022-04-17 23:00:00,13.0,0.0,1.9,49.25,0.0,0.0,0.28,52.07,769023.0,0.0,0
2022-04-18 00:00:00,12.825,0.0,2.3,48.0,0.0,0.0,0.19,41.67,749145.0,0.0,0
2022-04-19 01:00:00,13.85,0.0,3.5,41.0,0.0,0.0,0.06,94.87,716100.0,0.0,0
2022-04-19 02:00:00,14.225,0.0,3.25,36.25,0.0,0.0,0.06,85.27,665972.0,0.0,0
2022-04-19 03:00:00,14.025,0.0,2.8,37.0,0.0,0.0,0.06,87.49,645019.0,0.0,0
2022-04-19 04:00:00,13.95,0.0,2.85,37.75,0.0,0.0,0.02,69.0,641937.0,0.0,0
2022-04-19 05:00:00,13.825,0.0,2.55,40.75,0.0,0.0,0.06,71.43,641332.0,0.0,0
2022-04-19 06:00:00,13.525,0.0,2.5,44.0,0.0,0.0,7.97,70.65,652767.0,0.0,0
2022-04-19 07:00:00,13.675,0.0,2.8,48.0,0.05,0.06,47.81,48.66,655648.0,0.0,0
2022-04-19 08:00:00,15.75,0.0,2.975,48.25,0.95,0.645,107.68,23.88,596828.0,0.0,0
2022-04-19 09:00:00,17.2,0.0,3.225,45.0,0.925,1.335,160.3,15.33,559880.0,0.0,0
2022-04-19 10:00:00,17.975,0.0,3.775,45.75,1.0,2.11,192.06,9.86,537267.0,0.0,0
2022-04-19 11:00:00,18.55,0.0,3.25,49.0,1.0,2.495,219.63,2.02,510856.0,2.5,1
2022-04-19 12:00:00,19.125,0.0,3.8,42.0,1.0,3.18,217.65,1.29,468590.0,0.0,0
2022-04-19 13:00:00,19.1,0.0,3.55,40.75,1.0,3.21,213.01,0.89,460139.0,0.0,0
2022-04-19 14:00:00,19.775,0.0,3.8,40.25,1.0,3.125,208.84,2.36,478755.0,0.0,0
2022-04-19 15:00:00,19.25,0.0,3.8,41.0,1.0,2.855,177.78,7.67,489914.0,7.8,1
2022-04-19 16:00:00,19.2,0.0,3.45,42.75,1.0,2.34,122.56,8.76,514808.0,0.0,0
2022-04-19 17:00:00,18.725,0.0,3.25,43.75,1.0,1.615,59.31,8.37,568760.0,0.0,0
2022-04-19 18:00:00,17.775,0.0,2.875,47.5,0.95,0.84,15.35,9.73,633483.0,0.0,0
2022-04-19 19:00:00,16.175,0.0,2.9,54.25,0.475,0.17,8.13,20.21,696279.0,0.0,0
2022-04-19 20:00:00,15.025,0.0,2.725,56.5,0.0,0.0,8.05,28.28,788781.0,0.0,0
2022-04-19 21:00:00,14.475,0.0,2.775,55.75,0.0,0.0,5.49,30.87,808988.0,0.0,0
2022-04-19 22:00:00,14.15,0.0,2.85,51.0,0.0,0.0,1.3,26.26,802224.0,0.0,0
2022-04-19 23:00:00,13.7,0.0,2.125,50.0,0.0,0.0,0.05,23.18,782554.0,0.0,0
2022-04-20 00:00:00,13.0,0.0,2.3,51.25,0.0,0.0,0.0,16.49,767647.0,0.0,0
2022-04-20 01:00:00,12.925,0.0,2.65,48.75,0.0,0.0,0.06,16.67,724560.0,0.0,0
2022-04-20 02:00:00,12.85,0.0,2.825,50.0,0.0,0.0,0.06,19.37,694861.0,0.0,0
2022-04-20 03:00:00,12.525,0.0,2.25,51.5,0.0,0.0,0.06,28.7,675431.0,0.0,0
2022-04-20 04:00:00,12.125,0.0,2.3,51.25,0.0,0.0,0.03,24.78,666896.0,0.0,0
2022-04-20 05:00:00,11.925,0.0,2.3,50.0,0.0,0.0,0.07,25.87,670309.0,0.0,0
2022-04-20 06:00:00,11.2,0.0,2.0,53.25,0.0,0.0,8.64,12.16,685417.0,0.0,0
2022-04-20 07:00:00,12.825,0.0,2.35,44.25,0.55,0.09,51.29,3.37,680957.0,0.0,0
2022-04-20 08:00:00,15.85,0.0,1.4,44.0,0.975,0.74,117.36,0.41,601284.0,0.0,0
2022-04-20 09:00:00,18.2,0.0,2.2,44.5,1.0,1.555,175.6,1.38,552710.0,0.0,0
2022-04-20 10:00:00,18.55,0.0,2.9,52.25,1.0,2.295,210.28,3.96,522574.0,0.0,0
2022-04-20 11:00:00,18.975,0.0,3.175,45.5,1.0,2.86,232.43,4.21,495415.0,0.0,0
2022-04-20 12:00:00,19.3,0.0,3.025,45.25,1.0,3.25,220.14,5.38,462813.0,1.9,1
2022-04-20 13:00:00,19.625,0.0,3.075,39.75,1.0,3.39,217.36,4.99,457914.0,3.0,1
2022-04-20 14:00:00,19.2,0.0,3.125,41.5,1.0,3.3,215.77,3.35,472036.0,3.1,1
2022-04-20 15:00:00,19.325,0.0,2.975,41.5,1.0,2.965,164.68,5.46,475652.0,2.0,1
2022-04-20 16:00:00,18.35,0.0,2.65,45.75,0.975,2.115,101.78,4.19,536763.0,0.0,0
2022-04-20 17:00:00,17.95,0.0,2.2,49.75,0.9,1.365,54.47,3.1,595625.0,0.0,0
2022-04-20 18:00:00,17.4,0.0,1.6,52.0,0.725,0.71,15.73,5.04,643086.0,0.0,0
2022-04-20 19:00:00,16.4,0.0,0.85,52.0,0.325,0.125,8.1,12.36,692465.0,0.0,0
2022-04-20 20:00:00,15.775,0.0,1.175,51.75,0.0,0.0,7.99,16.18,769060.0,0.0,0
2022-04-20 21:00:00,14.7,0.0,1.425,58.25,0.0,0.0,5.42,31.35,789781.0,0.0,0
2022-04-20 22:00:00,14.45,0.0,1.6,62.0,0.0,0.0,1.32,31.42,774999.0,0.0,0
2022-04-20 23:00:00,14.0,0.0,1.075,61.5,0.0,0.0,0.05,20.52,755781.0,0.0,0
2022-04-21 00:00:00,14.7,0.0,2.15,55.25,0.0,0.0,0.0,28.59,734285.0,0.0,0
2022-04-21 01:00:00,15.25,0.0,2.05,56.75,0.0,0.0,0.06,16.65,677636.0,0.0,0
2022-04-21 02:00:00,15.2,0.0,1.775,55.0,0.0,0.0,0.06,17.24,643550.0,0.0,0
2022-04-21 03:00:00,15.075,0.0,1.975,56.25,0.0,0.0,0.06,22.46,622022.0,0.0,0
2022-04-21 04:00:00,15.225,0.0,2.1,56.5,0.0,0.0,0.05,24.43,612453.0,0.0,0
2022-04-21 05:00:00,15.45,0.0,2.375,55.0,0.0,0.0,0.06,42.18,604480.0,0.0,0
2022-04-21 06:00:00,15.275,0.0,2.35,56.75,0.0,0.0,0.54,32.22,617788.0,0.0,0
2022-04-21 07:00:00,14.85,0.1,3.4,62.5,0.0,0.0,4.39,29.73,642328.0,0.0,0
2022-04-21 08:00:00,13.0,0.7,2.425,75.5,0.0,0.065,16.74,9.31,714965.0,0.0,0
2022-04-21 09:00:00,12.65,0.375,2.35,83.0,0.0,0.185,24.72,10.7,744118.0,0.0,0
2022-04-21 10:00:00,12.75,0.35,2.6,83.75,0.0,0.32,22.73,9.61,749375.0,0.0,0
2022-04-21 11:00:00,12.425,0.825,2.0,85.75,0.0,0.275,24.93,5.52,769283.0,0.0,0
2022-04-21 12:00:00,11.85,1.425,2.175,92.75,0.0,0.2,89.27,2.96,759097.0,0.0,0
2022-04-21 13:00:00,13.8,1.067,2.075,87.25,0.175,1.805,168.09,11.37,636463.0,0.0,0
2022-04-21 14:00:00,15.15,0.0,2.9,77.5,0.625,3.125,215.1,4.53,524114.0,3.4,1
2022-04-21 15:00:00,16.25,0.0,3.675,73.5,0.95,2.62,174.35,5.37,489112.0,12.6,1
2022-04-21 16:00:00,16.0,0.0,2.975,73.5,1.0,2.29,115.16,3.01,526925.0,2.4,1
2022-04-21 17:00:00,15.45,0.0,2.925,76.25,1.0,1.58,56.97,0.43,585035.0,0.0,0
2022-04-21 18:00:00,14.95,0.0,2.45,79.0,0.7,0.85,15.97,1.84,645934.0,0.0,0
2022-04-21 19:00:00,14.325,0.0,1.85,82.25,0.375,0.195,7.41,8.95,707497.0,0.0,0
2022-04-21 20:00:00,13.175,0.0,1.425,89.0,0.0,0.0,6.46,17.4,790468.0,0.0,0
2022-04-21 21:00:00,12.85,0.0,2.125,89.25,0.0,0.0,3.47,29.46,808628.0,0.0,0
2022-04-21 22:00:00,13.125,0.0,2.6,89.75,0.0,0.0,1.22,44.85,794208.0,0.0,0
2022-04-21 23:00:00,13.1,0.0,2.7,89.0,0.0,0.0,0.23,57.81,771056.0,0.0,0
2022-04-22 00:00:00,13.25,0.0,3.25,87.0,0.0,0.0,0.18,53.14,742720.0,0.0,0
2022-04-22 01:00:00,13.125,0.0,3.075,87.25,0.0,0.0,0.24,45.73,702408.0,0.0,0
2022-04-22 02:00:00,13.25,0.0,2.9,86.75,0.0,0.0,0.24,22.37,669321.0,0.0,0
2022-04-22 03:00:00,12.8,0.0,1.925,89.0,0.0,0.0,0.14,35.6,648444.0,0.0,0
2022-04-22 04:00:00,12.325,0.0,2.225,89.25,0.0,0.0,0.03,68.11,642195.0,0.0,0
2022-04-22 05:00:00,12.475,0.0,2.525,83.5,0.0,0.0,0.07,68.84,649040.0,0.0,0
2022-04-22 06:00:00,12.975,0.0,2.825,77.0,0.0,0.0,9.2,65.0,667620.0,0.0,0
2022-04-22 07:00:00,13.875,0.0,2.05,74.75,0.45,0.145,52.54,50.82,665387.0,0.0,0
2022-04-22 08:00:00,16.5,0.0,2.475,71.25,0.975,0.79,119.0,45.49,596894.0,0.0,0
2022-04-22 09:00:00,18.25,0.0,4.275,67.5,1.0,1.555,177.05,52.1,555024.0,0.0,0
2022-04-22 10:00:00,18.875,0.0,5.2,68.0,1.0,2.31,201.91,46.19,527983.0,0.0,0
2022-04-22 11:00:00,19.525,0.0,4.9,68.5,1.0,2.7,227.77,7.14,511838.0,0.0,0
2022-04-22 12:00:00,20.1,0.0,5.125,65.0,1.0,3.07,218.79,7.15,467899.0,0.0,0
2022-04-22 13:00:00,20.775,0.0,5.025,57.25,1.0,3.18,219.46,4.75,469237.0,75.9,1
2022-04-22 14:00:00,20.25,0.0,5.325,65.25,1.0,3.12,215.75,14.03,479202.0,75.9,1
2022-04-22 15:00:00,20.425,0.0,5.375,63.75,1.0,2.82,178.05,56.44,495247.0,0.0,0
2022-04-22 16:00:00,19.9,0.0,5.025,66.5,1.0,2.255,104.33,67.77,526596.0,0.0,0
2022-04-22 17:00:00,19.0,0.0,4.875,73.0,0.975,1.3,52.01,62.01,597772.0,0.0,0
2022-04-22 18:00:00,17.8,0.0,5.025,79.25,0.525,0.56,14.33,66.74,649693.0,0.0,0
2022-04-22 19:00:00,16.875,0.0,4.15,85.75,0.025,0.095,7.74,56.63,693305.0,0.0,0
2022-04-22 20:00:00,16.55,0.0,3.075,88.5,0.0,0.0,7.28,46.81,749689.0,0.0,0
2022-04-22 21:00:00,16.55,0.0,2.525,88.75,0.0,0.0,4.61,43.0,751109.0,0.0,0
2022-04-22 22:00:00,17.05,0.0,2.825,88.25,0.0,0.0,1.33,46.88,722789.0,0.0,0
2022-04-22 23:00:00,16.625,0.0,2.675,92.75,0.0,0.0,0.22,23.11,703436.0,0.0,0
2022-04-23 00:00:00,17.0,0.0,2.725,93.5,0.0,0.0,0.17,22.4,675154.0,0.0,0
2022-04-24 01:00:00,16.875,0.0,1.0,98.0,0.0,0.0,0.06,0.0,636734.0,0.0,0
2022-04-24 02:00:00,16.675,0.0,1.25,97.75,0.0,0.0,0.04,0.66,606370.0,0.0,0
2022-04-24 03:00:00,16.675,0.0,1.75,97.5,0.0,0.0,0.0,1.12,583005.0,0.0,0
2022-04-24 04:00:00,16.575,0.0,1.6,97.5,0.0,0.0,0.02,4.25,574102.0,0.0,0
2022-04-24 05:00:00,16.275,0.0,2.1,97.5,0.0,0.0,0.06,17.63,579658.0,0.0,0
2022-04-24 06:00:00,16.125,0.0,2.275,97.0,0.0,0.0,5.83,32.63,596099.0,0.0,0
2022-04-24 07:00:00,16.25,0.0,2.85,95.75,0.2,0.025,33.49,35.56,593440.0,0.0,0
2022-04-24 08:00:00,16.775,0.0,2.1,95.25,0.275,0.245,85.12,26.55,553776.0,0.0,0
2022-04-24 09:00:00,18.075,0.0,2.65,92.75,0.45,0.84,135.5,11.98,529147.0,0.0,0
2022-04-24 10:00:00,18.725,0.0,2.575,89.75,0.5,1.605,164.33,8.39,498699.0,0.0,0
2022-04-24 11:00:00,19.475,0.0,2.475,85.0,0.725,2.56,194.45,5.41,470464.0,0.0,0
2022-04-24 12:00:00,20.25,0.0,2.7,82.0,0.75,2.96,200.33,1.82,432421.0,0.0,0
2022-04-24 13:00:00,20.275,0.0,2.925,82.75,1.0,3.325,195.1,1.5,438074.0,7.6,1
2022-04-24 14:00:00,19.875,0.0,2.6,83.5,1.0,3.205,188.13,1.98,446494.0,7.6,1
2022-04-24 15:00:00,19.65,0.0,2.225,84.0,0.925,2.595,151.33,1.11,456590.0,3.4,1
2022-04-24 16:00:00,20.025,0.0,1.925,83.5,0.975,2.225,104.6,0.93,489427.0,0.0,0
2022-04-24 17:00:00,19.95,0.0,2.25,84.5,0.775,1.335,52.39,1.13,547620.0,0.0,0
2022-04-24 18:00:00,19.275,0.0,2.05,88.75,0.775,0.79,16.15,0.26,607911.0,0.0,0
2022-04-24 19:00:00,18.125,0.0,1.375,94.25,0.325,0.205,8.29,2.34,659181.0,0.0,0
2022-04-24 20:00:00,17.25,0.0,1.0,95.75,0.0,0.0,8.07,1.85,714547.0,0.0,0
2022-04-24 21:00:00,16.825,0.0,0.7,97.0,0.0,0.0,5.26,1.01,727326.0,0.0,0
2022-04-24 22:00:00,16.45,0.0,0.45,97.0,0.0,0.0,1.27,0.26,713431.0,0.0,0
2022-04-24 23:00:00,16.25,0.0,0.8,96.25,0.0,0.0,0.22,1.0,702946.0,0.0,0
2022-04-25 00:00:00,16.175,0.0,1.05,94.75,0.0,0.0,0.17,2.42,685895.0,0.0,0
2022-04-25 01:00:00,15.95,0.0,0.75,94.25,0.0,0.0,0.24,1.87,644522.0,0.0,0
2022-04-25 02:00:00,15.975,0.0,0.95,94.75,0.0,0.0,0.23,1.76,621477.0,0.0,0
2022-04-25 03:00:00,15.875,0.0,1.275,93.5,0.0,0.0,0.23,2.28,604103.0,0.0,0
2022-04-25 04:00:00,15.85,0.0,1.125,93.75,0.0,0.0,0.23,2.4,597314.0,0.0,0
2022-04-25 05:00:00,15.475,0.0,1.25,93.75,0.0,0.0,0.2,2.01,599276.0,0.0,0
2022-04-25 06:00:00,15.175,0.0,1.65,95.5,0.0,0.0,8.97,2.35,617047.0,0.0,0
2022-04-25 07:00:00,16.1,0.0,1.625,95.25,0.375,0.15,56.64,6.66,617407.0,0.0,0
2022-04-25 08:00:00,18.75,0.0,1.425,88.5,0.95,0.885,97.32,9.59,559706.0,0.0,0
2022-04-25 09:00:00,20.25,0.0,2.675,78.0,0.725,1.285,160.88,28.76,562838.0,0.0,0
2022-04-25 10:00:00,21.475,0.0,2.775,73.25,0.7,2.08,186.55,40.22,533406.0,0.0,0
2022-04-25 11:00:00,22.2,0.0,3.325,72.5,0.725,2.37,184.32,41.23,517982.0,15.0,1
2022-04-25 12:00:00,22.925,0.0,3.625,73.75,0.65,2.73,164.75,45.56,518256.0,30.1,1
2022-04-25 13:00:00,23.95,0.0,3.725,72.5,0.875,3.085,140.94,96.41,515349.0,36.5,1
2022-04-25 14:00:00,23.25,0.0,3.875,74.5,0.65,2.85,92.37,116.9,554942.0,0.0,0
2022-04-25 15:00:00,22.45,0.0,3.85,79.75,0.275,1.725,59.18,111.56,618445.0,0.0,0
2022-04-25 16:00:00,22.075,0.0,3.325,82.75,0.025,1.15,30.36,116.31,647248.0,0.0,0
2022-04-25 17:00:00,21.575,0.0,3.65,86.25,0.05,0.77,11.06,149.65,678407.0,0.0,0
2022-04-25 18:00:00,21.1,0.0,4.525,92.5,0.0,0.285,4.28,152.9,712471.0,0.0,0
2022-04-25 19:00:00,20.575,0.0,4.85,94.25,0.0,0.005,8.16,198.68,734084.0,0.0,0
2022-04-25 20:00:00,20.75,3.0,5.125,96.0,0.0,0.0,7.09,214.6,746434.0,0.0,0
2022-04-25 21:00:00,21.125,4.85,6.975,97.5,0.0,0.0,4.37,200.94,741347.0,0.0,0
2022-04-25 22:00:00,21.8,3.733,8.55,94.75,0.0,0.0,1.38,202.08,712978.0,0.0,0
2022-04-25 23:00:00,21.1,2.8,8.475,97.0,0.0,0.0,0.22,187.91,684266.0,0.0,0
2022-04-26 00:00:00,21.1,1.15,8.425,95.0,0.0,0.0,0.17,158.57,657829.0,0.0,0
2022-04-27 01:00:00,17.025,0.0,2.85,84.5,0.0,0.0,0.0,166.98,654976.0,0.0,0
2022-04-27 02:00:00,16.875,0.0,5.6,84.0,0.0,0.0,0.0,208.02,615132.0,0.0,0
2022-04-27 03:00:00,15.8,0.0,5.2,89.75,0.0,0.0,0.0,179.06,594022.0,0.0,0
2022-04-27 04:00:00,15.725,0.0,3.825,89.25,0.0,0.0,0.0,176.52,586380.0,0.0,0
2022-04-27 05:00:00,15.1,0.0,4.125,91.25,0.0,0.0,0.01,199.88,585344.0,0.0,0
2022-04-27 06:00:00,14.95,0.0,3.75,88.0,0.0,0.005,8.38,174.5,597982.0,0.0,0
2022-04-27 07:00:00,15.5,0.0,3.15,82.0,0.0,0.105,41.12,168.19,607355.0,0.0,0
2022-04-27 08:00:00,16.85,0.0,3.45,74.0,0.1,0.525,105.55,128.13,592429.0,0.0,0
2022-04-27 09:00:00,19.4,0.0,4.05,53.25,0.95,1.375,157.72,101.55,563023.0,0.0,0
2022-04-27 10:00:00,20.6,0.0,4.0,46.0,0.975,1.885,192.31,40.13,542503.0,9.9,1
2022-04-27 11:00:00,20.35,0.0,4.225,53.75,0.95,2.615,232.65,2.01,519095.0,0.0,0
2022-04-27 12:00:00,19.625,0.0,4.975,60.25,1.0,3.395,227.91,1.5,465557.0,76.0,1
2022-04-27 13:00:00,19.525,0.0,4.825,57.75,1.0,3.515,220.31,1.43,458419.0,76.0,1
2022-04-27 14:00:00,19.6,0.0,4.525,56.5,1.0,3.245,196.52,9.29,478970.0,0.0,0
2022-04-27 15:00:00,18.975,0.0,4.575,62.25,1.0,2.73,142.57,26.33,500422.0,0.0,0
2022-04-27 16:00:00,18.975,0.0,4.375,67.75,0.85,2.15,108.84,36.56,554553.0,0.0,0
2022-04-27 17:00:00,18.675,0.0,4.475,73.0,0.875,1.48,62.53,32.29,587725.0,0.0,0
2022-04-27 18:00:00,18.55,0.0,3.375,73.5,0.95,0.935,18.55,19.63,634970.0,0.0,0
2022-04-27 19:00:00,17.725,0.0,2.55,72.75,0.4,0.22,8.22,25.08,688278.0,0.0,0
2022-04-27 20:00:00,16.925,0.0,1.95,73.5,0.0,0.005,7.83,21.08,751128.0,0.0,0
2022-04-27 21:00:00,16.5,0.0,2.075,76.0,0.0,0.0,5.52,29.23,771261.0,0.0,0
2022-04-27 22:00:00,16.025,0.0,2.525,78.5,0.0,0.0,1.4,19.69,754244.0,0.0,0
2022-04-27 23:00:00,15.6,0.0,2.725,78.75,0.0,0.0,0.22,15.21,730957.0,0.0,0
2022-04-28 00:00:00,15.425,0.0,2.3,85.25,0.0,0.0,0.17,14.53,703517.0,0.0,0
2022-04-28 01:00:00,15.25,0.0,2.125,89.0,0.0,0.0,0.24,9.25,660798.0,0.0,0
2022-04-28 02:00:00,15.025,0.0,2.3,88.25,0.0,0.0,0.23,11.15,625479.0,0.0,0
2022-04-28 03:00:00,14.925,0.0,2.075,86.75,0.0,0.0,0.23,15.01,609481.0,0.0,0
2022-04-28 04:00:00,14.55,0.0,2.675,86.25,0.0,0.0,0.22,20.1,603064.0,0.0,0
2022-04-28 05:00:00,14.45,0.0,2.75,83.0,0.0,0.0,0.26,28.52,609343.0,0.0,0
2022-04-28 06:00:00,15.0,0.0,2.1,80.5,0.0,0.0,12.57,27.73,621369.0,0.0,0
2022-04-28 07:00:00,15.85,0.0,2.6,76.75,0.2,0.14,53.29,20.91,612007.0,0.0,0
2022-04-28 08:00:00,17.575,0.0,2.975,68.0,0.775,0.8,120.72,13.48,573165.0,0.0,0
2022-04-28 09:00:00,19.4,0.0,3.0,60.75,1.0,1.635,175.85,21.84,546116.0,0.0,0
2022-04-28 10:00:00,19.375,0.0,4.175,62.0,0.95,2.12,182.54,44.1,523884.0,0.0,0
2022-04-28 11:00:00,19.15,0.0,4.225,68.25,0.675,1.835,176.06,33.35,533373.0,0.0,0
2022-04-28 12:00:00,19.6,0.0,4.35,68.25,0.55,2.22,193.59,28.94,530159.0,0.0,0
2022-04-28 13:00:00,20.375,0.0,4.8,65.25,0.75,3.42,202.98,14.42,479646.0,7.2,1
2022-04-28 14:00:00,20.725,0.0,4.7,65.0,0.9,3.07,200.43,26.11,491781.0,9.1,1
2022-04-28 15:00:00,20.55,0.0,3.95,70.0,0.95,2.61,150.11,24.6,504919.0,0.0,0
2022-04-28 16:00:00,19.7,0.0,4.15,72.0,0.875,2.005,78.68,18.72,550580.0,0.0,0
2022-04-28 17:00:00,18.875,0.0,3.775,74.5,0.5,1.065,46.63,22.74,621021.0,0.0,0
2022-04-28 18:00:00,18.3,0.0,3.15,76.75,0.325,0.63,16.76,27.42,651711.0,0.0,0
2022-04-28 19:00:00,17.375,0.0,2.775,79.75,0.2,0.205,8.26,28.09,691230.0,0.0,0
2022-04-28 20:00:00,17.15,0.0,3.0,80.0,0.0,0.0,8.15,23.71,745567.0,0.0,0
2022-04-28 21:00:00,17.125,0.0,2.95,81.0,0.0,0.0,5.7,14.66,741978.0,0.0,0
2022-04-28 22:00:00,17.325,0.0,2.525,80.0,0.0,0.0,1.39,12.83,720560.0,0.0,0
2022-04-28 23:00:00,17.35,0.0,2.1,81.0,0.0,0.0,0.22,22.81,700376.0,0.0,0
2022-04-29 00:00:00,17.475,0.0,2.25,81.5,0.0,0.0,0.17,27.97,666950.0,0.0,0
2022-04-29 01:00:00,16.975,0.325,3.975,91.5,0.0,0.0,0.23,88.64,621770.0,0.0,0
2022-04-29 02:00:00,15.475,2.7,5.475,95.5,0.0,0.0,0.23,147.88,597642.0,0.0,0
2022-04-29 03:00:00,14.375,6.225,6.7,95.25,0.0,0.0,0.23,173.79,595519.0,0.0,0
2022-04-29 04:00:00,13.4,7.55,6.225,95.0,0.0,0.0,0.22,175.23,600251.0,0.0,0
2022-04-29 05:00:00,12.025,3.15,5.975,93.5,0.0,0.0,0.22,176.36,608824.0,0.0,0
2022-04-29 06:00:00,11.8,3.45,6.475,95.75,0.0,0.0,0.83,185.51,630256.0,0.0,0
2022-04-29 07:00:00,11.825,1.175,5.55,96.0,0.0,0.0,8.61,151.82,660510.0,0.0,0
2022-04-29 08:00:00,12.2,0.5,5.25,96.75,0.0,0.035,24.3,148.75,702405.0,0.0,0
2022-04-29 09:00:00,12.55,0.1,4.55,95.25,0.0,0.185,44.17,164.13,687670.0,0.0,0
2022-04-29 10:00:00,13.175,0.0,3.8,90.25,0.025,0.75,113.96,110.47,679921.0,0.0,0
2022-04-29 11:00:00,14.025,0.0,4.175,85.25,0.325,1.465,176.53,67.24,609106.0,0.0,0
2022-04-29 12:00:00,14.625,0.0,3.45,82.0,0.3,2.215,162.62,51.01,542421.0,18.8,1
2022-04-29 13:00:00,15.275,0.0,4.85,81.0,0.2,1.295,84.9,87.15,541553.0,16.8,1
2022-04-29 14:00:00,14.875,0.0,4.725,81.5,0.2,0.62,48.05,70.24,631339.0,0.0,0
2022-04-29 15:00:00,14.875,0.0,4.85,83.25,0.15,0.51,40.01,69.47,656394.0,0.0,0
2022-04-29 16:00:00,14.8,0.0,4.775,83.75,0.175,0.68,30.48,53.22,655791.0,0.0,0
2022-04-29 17:00:00,14.75,0.0,4.325,83.0,0.075,0.53,19.11,53.64,672761.0,0.0,0
2022-04-29 18:00:00,14.2,0.0,3.925,85.0,0.075,0.26,7.33,39.21,697393.0,0.0,0
2022-04-29 19:00:00,13.6,0.0,3.225,87.25,0.0,0.04,8.05,33.19,729905.0,0.0,0
2022-04-29 20:00:00,13.4,0.1,2.825,88.0,0.0,0.0,4.98,24.32,762427.0,0.0,0
2022-04-29 21:00:00,13.725,0.0,2.6,83.75,0.0,0.0,1.66,20.23,755926.0,0.0,0
2022-04-29 22:00:00,13.85,0.0,2.175,81.75,0.0,0.0,0.04,19.32,738295.0,0.0,0
2022-04-29 23:00:00,13.9,0.0,2.55,82.25,0.0,0.0,0.0,20.25,717241.0,0.0,0
2022-04-30 00:00:00,14.0,0.0,2.45,79.5,0.0,0.0,0.0,16.85,704752.0,0.0,0
2022-05-01 01:00:00,12.925,0.0,4.125,79.25,0.0,0.0,0.24,108.67,669317.0,0.0,0
2022-05-01 02:00:00,12.775,0.0,3.75,81.0,0.0,0.0,0.21,148.04,644744.0,0.0,0
2022-05-01 03:00:00,12.65,0.0,3.95,81.5,0.0,0.0,0.18,134.04,623225.0,0.0,0
2022-05-01 04:00:00,12.7,0.0,3.675,82.25,0.0,0.0,0.19,129.34,615396.0,0.0,0
2022-05-01 05:00:00,12.25,0.0,3.7,82.0,0.0,0.0,0.12,134.76,624653.0,0.0,0
2022-05-01 06:00:00,11.9,0.0,3.65,82.0,0.0,0.0,12.94,114.27,641483.0,0.0,0
2022-05-01 07:00:00,12.425,0.0,3.625,75.5,0.05,0.185,54.95,108.5,622818.0,0.0,0
2022-05-01 08:00:00,13.775,0.0,3.5,63.75,0.975,0.82,122.79,46.94,540896.0,0.6,1
2022-05-01 09:00:00,14.75,0.0,4.2,54.75,1.0,1.645,175.77,13.87,484939.0,0.0,0
2022-05-01 10:00:00,15.3,0.0,3.9,50.75,1.0,2.295,188.26,4.96,441199.0,0.0,0
2022-05-01 11:00:00,16.2,0.0,4.4,47.25,1.0,2.935,175.54,4.51,413464.0,104.1,1
2022-05-01 12:00:00,16.525,0.0,5.175,50.0,1.0,3.315,175.64,4.69,410381.0,104.9,1
2022-05-01 13:00:00,17.225,0.0,4.6,44.5,1.0,3.585,171.22,7.35,412714.0,104.9,1
2022-05-01 14:00:00,17.35,0.0,5.025,45.5,1.0,3.365,168.0,9.35,421368.0,104.9,1
2022-05-01 15:00:00,17.3,0.0,6.1,43.75,1.0,2.935,163.98,12.34,428906.0,0.0,0
2022-05-01 16:00:00,17.1,0.0,5.075,39.5,1.0,2.445,131.16,46.03,442884.0,0.0,0
2022-05-01 17:00:00,16.825,0.0,5.15,39.0,1.0,1.775,66.56,113.57,486111.0,0.0,0
2022-05-01 18:00:00,15.85,0.0,3.975,40.25,0.975,0.995,19.61,121.19,565668.0,3.4,1
2022-05-01 19:00:00,14.65,0.0,3.425,44.5,0.2,0.245,8.46,128.33,661407.0,0.0,0
2022-05-01 20:00:00,13.9,0.0,3.475,49.0,0.0,0.0,8.21,119.3,751160.0,0.0,0
2022-05-01 21:00:00,13.625,0.0,3.325,49.75,0.0,0.0,6.04,103.79,774636.0,0.0,0
2022-05-01 22:00:00,13.45,0.0,3.425,49.25,0.0,0.0,1.36,92.19,757764.0,0.0,0
2022-05-01 23:00:00,13.2,0.0,3.1,45.0,0.0,0.0,0.28,79.47,736795.0,0.0,0
2022-05-02 00:00:00,13.25,0.0,3.3,42.25,0.0,0.0,0.19,57.02,723769.0,0.0,0
2022-05-02 01:00:00,13.2,0.0,3.425,37.0,0.0,0.0,0.2,58.69,681041.0,0.0,0
2022-05-02 02:00:00,12.725,0.0,2.875,41.5,0.0,0.0,0.19,59.84,651147.0,0.0,0
2022-05-02 03:00:00,13.3,0.0,3.675,36.25,0.0,0.0,0.19,78.71,639049.0,0.0,0
2022-05-02 04:00:00,13.6,0.0,3.5,36.0,0.0,0.0,0.21,103.06,636106.0,0.0,0
2022-05-02 05:00:00,14.075,0.0,3.625,34.25,0.0,0.0,0.36,128.99,635254.0,0.0,0
2022-05-02 06:00:00,14.25,0.0,4.05,37.25,0.0,0.0,11.34,97.47,641936.0,0.0,0
2022-05-02 07:00:00,15.525,0.0,5.075,52.25,0.45,0.16,52.88,66.3,627825.0,0.0,0
2022-05-02 08:00:00,17.3,0.0,5.8,53.0,0.975,0.795,115.76,81.1,565648.0,0.0,0
2022-05-02 09:00:00,18.625,0.0,6.175,53.25,1.0,1.555,169.11,79.63,534485.0,0.0,0
2022-05-02 10:00:00,18.975,0.0,7.175,55.5,1.0,2.185,204.16,13.6,517673.0,42.7,1
2022-05-02 11:00:00,19.5,0.0,7.15,57.25,1.0,2.73,216.64,9.68,492696.0,113.0,1
2022-05-02 12:00:00,19.725,0.0,6.975,61.5,0.975,2.93,203.43,8.34,483473.0,113.2,1
2022-05-02 13:00:00,20.2,0.0,6.4,60.25,0.95,2.82,210.48,7.81,478491.0,113.2,1
2022-05-02 14:00:00,20.7,0.0,5.2,60.5,0.9,2.92,206.75,6.64,478812.0,113.2,1
2022-05-02 15:00:00,20.075,0.0,4.95,61.25,0.95,2.75,181.98,10.99,486208.0,96.9,1
2022-05-02 16:00:00,19.45,0.0,5.35,64.5,1.0,2.32,123.59,32.49,505580.0,44.9,1
2022-05-02 17:00:00,18.9,0.0,4.975,64.5,1.0,1.64,65.39,36.61,560049.0,0.2,1
2022-05-02 18:00:00,17.825,0.0,4.775,65.75,1.0,0.935,17.99,45.41,620330.0,0.0,0
2022-05-02 19:00:00,16.675,0.0,3.825,61.75,0.8,0.265,8.39,60.81,676316.0,0.0,0
2022-05-02 20:00:00,15.575,0.0,3.95,56.5,0.0,0.005,8.08,72.78,749782.0,0.0,0
2022-05-02 21:00:00,14.8,0.0,3.8,55.75,0.0,0.0,6.04,83.14,776037.0,0.0,0
2022-05-02 22:00:00,14.0,0.0,4.075,53.5,0.0,0.0,1.5,83.82,767009.0,0.0,0
2022-05-02 23:00:00,13.65,0.0,3.35,48.75,0.0,0.0,0.26,84.12,674852.0,0.0,0
2022-05-03 00:00:00,13.15,0.0,3.95,45.0,0.0,0.0,0.18,65.68,638312.0,0.0,0
2022-05-03 01:00:00,13.125,0.0,3.275,45.25,0.0,0.0,0.25,78.08,704382.0,0.0,0
2022-05-03 02:00:00,12.35,0.0,2.675,48.5,0.0,0.0,0.25,80.64,678853.0,0.0,0
2022-05-03 03:00:00,11.6,0.0,2.675,51.5,0.0,0.0,0.25,82.55,665907.0,0.0,0
2022-05-03 04:00:00,11.25,0.0,2.75,54.75,0.0,0.0,0.22,57.5,662272.0,0.0,0
2022-05-03 05:00:00,10.8,0.0,2.925,57.0,0.0,0.0,0.37,30.06,670007.0,0.0,0
2022-05-03 06:00:00,10.425,0.0,3.25,61.25,0.0,0.0,12.39,14.54,680322.0,0.0,0
2022-05-03 07:00:00,11.475,0.0,2.175,56.25,0.875,0.195,62.87,8.41,663391.0,0.0,0
2022-05-03 08:00:00,14.25,0.0,2.35,52.0,1.0,0.915,132.29,3.22,575933.0,0.0,0
2022-05-03 09:00:00,16.15,0.0,1.65,50.5,1.0,1.765,189.37,0.53,536840.0,0.0,0
2022-05-03 10:00:00,16.2,0.0,2.25,57.25,1.0,2.495,220.17,0.75,504376.0,0.0,0
2022-05-03 11:00:00,17.0,0.0,3.275,59.0,1.0,3.06,229.6,2.58,477192.0,0.4,1
2022-05-03 12:00:00,17.45,0.0,3.375,59.0,1.0,3.4,217.76,5.19,457093.0,4.1,1
2022-05-03 13:00:00,17.7,0.0,3.05,58.25,1.0,3.5,216.36,6.25,458700.0,5.3,1
2022-05-03 14:00:00,18.075,0.0,3.175,56.5,1.0,3.325,216.94,5.27,471607.0,5.3,1
2022-05-03 15:00:00,18.525,0.0,3.3,53.5,1.0,3.005,184.51,5.22,479420.0,0.0,0
2022-05-03 16:00:00,18.35,0.0,3.275,52.75,1.0,2.495,128.43,1.24,507375.0,0.0,0
2022-05-03 17:00:00,18.0,0.0,3.025,52.75,1.0,1.815,65.72,0.34,561009.0,0.0,0
2022-05-03 18:00:00,17.575,0.0,2.65,56.25,1.0,1.055,17.93,2.2,625794.0,0.0,0
2022-05-03 19:00:00,16.325,0.0,2.225,59.25,0.8,0.33,8.58,7.91,684543.0,0.0,0
2022-05-03 20:00:00,15.1,0.0,1.75,65.0,0.0,0.0,8.25,3.77,761994.0,0.0,0
2022-05-03 21:00:00,14.3,0.0,2.05,66.5,0.0,0.0,6.12,2.55,795630.0,0.0,0
2022-05-03 22:00:00,13.525,0.0,2.075,65.5,0.0,0.0,1.34,10.1,789506.0,0.0,0
2022-05-03 23:00:00,13.125,0.0,2.325,66.0,0.0,0.0,0.22,17.46,772078.0,0.0,0
2022-05-04 00:00:00,12.9,0.0,2.6,63.25,0.0,0.0,0.18,13.39,750831.0,0.0,0
2022-05-04 01:00:00,12.775,0.0,2.6,61.25,0.0,0.0,0.24,10.53,705584.0,0.0,0
2022-05-04 02:00:00,12.525,0.0,2.35,63.0,0.0,0.0,0.25,8.97,676757.0,0.0,0
2022-05-04 03:00:00,12.375,0.0,2.45,63.0,0.0,0.0,0.25,7.05,661350.0,0.0,0
2022-05-04 04:00:00,12.25,0.0,2.475,66.5,0.0,0.0,0.22,8.09,654241.0,0.0,0
2022-05-04 05:00:00,12.05,0.0,2.6,68.75,0.0,0.0,0.4,16.87,655916.0,0.0,0
2022-05-04 06:00:00,11.825,0.0,2.85,71.5,0.0,0.0,12.52,18.31,665632.0,0.0,0
2022-05-04 07:00:00,13.4,0.0,2.15,69.0,0.925,0.25,63.68,9.53,647662.0,0.0,0
2022-05-04 08:00:00,16.125,0.0,2.125,63.25,1.0,0.955,132.57,6.91,567812.0,0.0,0
2022-05-04 09:00:00,18.0,0.0,3.3,59.75,1.0,1.785,189.04,10.26,535760.0,0.0,0
2022-05-04 10:00:00,18.35,0.0,3.975,62.75,1.0,2.485,219.35,3.39,508967.0,0.0,0
2022-05-04 11:00:00,19.075,0.0,4.525,63.25,1.0,3.015,226.8,4.12,488837.0,0.0,0
2022-05-04 12:00:00,19.35,0.0,3.8,60.5,1.0,3.375,219.28,5.84,460885.0,12.5,1
2022-05-04 13:00:00,19.5,0.0,4.425,62.75,1.0,3.49,218.92,6.96,461919.0,0.0,0
2022-05-04 14:00:00,19.5,0.0,4.225,64.5,1.0,3.365,216.15,8.6,475539.0,12.5,1
2022-05-04 15:00:00,19.475,0.0,4.3,64.75,1.0,3.03,188.4,17.27,478388.0,7.9,1
2022-05-04 16:00:00,19.575,0.0,3.875,65.5,1.0,2.49,132.78,11.77,513570.0,0.0,0
2022-05-04 17:00:00,19.4,0.0,3.375,66.5,1.0,1.795,67.96,8.97,566672.0,0.0,0
2022-05-04 18:00:00,18.5,0.0,3.075,68.0,1.0,1.015,17.61,7.09,630177.0,0.0,0
2022-05-04 19:00:00,17.325,0.0,2.6,72.5,0.8,0.295,8.51,11.9,680209.0,0.0,0
2022-05-04 20:00:00,15.95,0.0,1.875,78.0,0.0,0.0,8.24,11.25,752008.0,0.0,0
2022-05-04 21:00:00,15.025,0.0,1.95,79.5,0.0,0.0,6.12,16.52,780354.0,0.0,0
2022-05-04 22:00:00,14.275,0.0,2.05,80.25,0.0,0.0,1.49,22.82,774787.0,0.0,0
2022-05-04 23:00:00,14.025,0.0,2.225,79.25,0.0,0.0,0.28,24.04,759516.0,0.0,0
2022-05-05 00:00:00,14.075,0.0,2.75,72.0,0.0,0.0,0.18,24.17,742111.0,0.0,0
2022-05-05 01:00:00,13.9,0.0,2.425,75.0,0.0,0.0,0.24,24.39,698941.0,0.0,0
2022-05-05 02:00:00,13.95,0.0,2.675,73.75,0.0,0.0,0.24,24.14,663188.0,0.0,0
2022-05-05 03:00:00,13.35,0.0,2.325,74.5,0.0,0.0,0.24,20.02,641385.0,0.0,0
2022-05-05 04:00:00,13.4,0.0,2.5,73.5,0.0,0.0,0.23,18.06,631789.0,0.0,0
2022-05-05 05:00:00,13.25,0.0,2.5,76.75,0.0,0.0,0.38,22.65,631433.0,0.0,0
2022-05-05 06:00:00,13.475,0.0,2.675,74.75,0.0,0.0,13.05,28.41,636578.0,0.0,0
2022-05-05 07:00:00,15.25,0.0,2.125,74.75,0.825,0.195,60.03,17.13,609003.0,0.0,0
2022-05-05 08:00:00,19.175,0.0,1.95,70.0,1.0,0.925,125.41,28.65,536341.0,0.0,0
2022-05-05 09:00:00,20.675,0.0,3.425,68.5,1.0,1.77,177.28,13.04,500069.0,0.0,0
2022-05-05 10:00:00,21.925,0.0,3.45,65.5,1.0,2.45,181.21,7.54,474252.0,31.2,1
2022-05-05 11:00:00,22.55,0.0,4.075,66.0,0.975,2.97,168.82,11.71,467100.0,31.4,1
2022-05-05 12:00:00,22.9,0.0,4.275,67.5,0.8,3.29,161.68,15.09,476144.0,30.4,1
2022-05-05 13:00:00,23.45,0.0,3.775,67.25,0.85,3.285,169.54,13.28,473423.0,30.4,1
2022-05-05 14:00:00,23.625,0.0,3.65,67.25,0.95,2.995,164.26,14.2,475322.0,32.2,1
2022-05-05 15:00:00,23.975,0.0,3.825,65.0,0.975,3.0,125.38,52.22,483773.0,18.5,1
2022-05-05 16:00:00,22.575,0.0,3.5,69.0,0.725,2.49,80.0,69.19,519132.0,0.0,0
2022-05-05 17:00:00,22.3,0.0,3.525,69.75,0.475,1.73,52.5,60.53,570595.0,0.0,0
2022-05-05 18:00:00,21.725,0.0,3.55,68.0,0.65,0.97,18.55,37.52,616953.0,0.0,0
2022-05-05 19:00:00,20.825,0.0,2.35,71.75,0.6,0.29,8.64,33.48,661956.0,0.0,0
2022-05-05 20:00:00,19.875,0.0,2.225,73.75,0.0,0.0,8.1,39.07,700363.0,0.0,0
2022-05-05 21:00:00,19.2,0.0,2.3,80.0,0.0,0.0,5.07,47.09,717938.0,0.0,0
2022-05-05 22:00:00,18.6,0.0,2.025,78.5,0.0,0.0,1.3,43.6,718225.0,0.0,0
2022-05-05 23:00:00,18.075,0.0,1.875,84.0,0.0,0.0,0.26,38.57,701916.0,0.0,0
2022-05-06 00:00:00,17.925,0.0,1.8,84.5,0.0,0.0,0.17,27.67,682453.0,0.0,0
2022-05-06 01:00:00,17.4,0.0,1.6,84.0,0.0,0.0,0.24,24.72,641739.0,0.0,0
2022-05-06 02:00:00,17.15,0.0,2.15,83.25,0.0,0.0,0.23,23.68,611911.0,0.0,0
2022-05-06 03:00:00,17.275,0.0,2.05,83.0,0.0,0.0,0.23,15.22,581489.0,0.0,0
2022-05-06 04:00:00,17.175,0.0,2.15,84.25,0.0,0.0,0.23,13.31,573140.0,0.0,0
2022-05-06 05:00:00,17.225,0.0,2.025,85.5,0.0,0.0,0.39,19.14,571187.0,0.0,0
2022-05-06 06:00:00,17.125,0.0,2.125,85.0,0.0,0.0,13.12,19.94,578110.0,0.0,0
2022-05-06 07:00:00,18.325,0.0,1.825,82.0,0.6,0.25,59.74,6.3,577299.0,0.0,0
2022-05-06 08:00:00,20.9,0.0,2.175,72.75,0.95,0.94,121.74,7.22,551891.0,0.0,0
2022-05-06 09:00:00,22.425,0.0,2.275,67.25,0.975,1.74,158.67,15.46,543430.0,0.0,0
2022-05-06 10:00:00,23.1,0.0,2.7,67.5,0.8,2.44,175.17,13.58,540547.0,0.0,0
2022-05-06 11:00:00,22.075,0.0,3.6,71.0,0.8,2.715,210.07,12.76,532287.0,0.0,0
2022-05-06 12:00:00,22.325,0.0,3.575,72.75,0.85,3.025,226.46,15.16,505218.0,0.0,0
2022-05-06 13:00:00,22.775,0.0,3.225,71.5,0.85,3.32,226.42,11.07,489228.0,8.5,1
2022-05-06 14:00:00,22.5,0.0,4.225,74.5,0.925,3.0,193.01,12.25,504461.0,7.5,1
2022-05-06 15:00:00,22.65,0.0,3.375,73.5,0.95,2.815,164.93,12.1,530638.0,0.0,0
2022-05-06 16:00:00,22.8,0.0,3.675,74.5,0.9,2.15,117.46,8.78,561012.0,0.0,0
2022-05-06 17:00:00,22.25,0.0,3.2,76.25,1.0,1.775,61.21,7.8,606613.0,0.0,0
2022-05-06 18:00:00,22.15,0.0,2.375,73.75,0.825,0.665,18.45,10.33,661300.0,0.0,0
2022-05-06 19:00:00,21.075,0.0,1.35,75.0,0.825,0.285,8.77,19.31,696092.0,0.0,0
2022-05-06 20:00:00,20.275,0.0,1.475,76.25,0.0,0.0,8.33,27.5,733283.0,0.0,0
2022-05-06 21:00:00,19.525,0.0,1.85,79.25,0.0,0.0,5.88,22.36,744305.0,0.0,0
2022-05-06 22:00:00,19.25,0.0,1.825,80.5,0.0,0.0,1.49,12.77,721610.0,0.0,0
2022-05-06 23:00:00,18.825,0.0,1.575,81.0,0.0,0.0,0.26,11.78,699782.0,0.0,0
2022-05-07 00:00:00,18.6,0.0,2.025,80.25,0.0,0.0,0.17,8.38,688100.0,0.0,0
2022-05-07 01:00:00,18.275,0.0,1.575,78.0,0.0,0.0,0.24,2.01,645794.0,0.0,0
2022-05-07 02:00:00,18.25,0.0,1.375,77.5,0.0,0.0,0.23,2.12,613811.0,0.0,0
2022-05-07 03:00:00,18.15,0.0,2.15,81.5,0.0,0.0,0.23,3.27,595688.0,0.0,0
2022-05-07 04:00:00,18.025,0.0,2.175,82.5,0.0,0.0,0.23,8.87,582569.0,0.0,0
2022-05-07 05:00:00,17.75,0.0,2.475,84.0,0.0,0.0,0.42,16.14,579861.0,0.0,0
2022-05-07 06:00:00,17.7,0.0,2.25,82.75,0.0,0.005,13.29,11.46,590011.0,0.0,0
2022-05-07 07:00:00,18.625,0.0,1.55,83.75,0.575,0.215,54.26,11.74,569834.0,0.0,0
2022-05-07 08:00:00,20.15,0.0,2.25,79.5,0.75,0.735,114.83,12.97,539394.0,0.0,0
2022-05-07 09:00:00,21.0,0.0,2.275,73.75,0.675,1.35,163.52,8.54,521698.0,0.0,0
2022-05-07 10:00:00,22.6,0.0,2.4,68.0,0.95,2.34,186.12,6.64,502101.0,0.0,0
2022-05-07 11:00:00,22.725,0.0,2.9,66.75,1.0,2.94,172.77,10.89,490752.0,0.0,0
2022-05-07 12:00:00,22.65,0.0,3.9,67.5,0.775,2.38,167.43,30.5,510202.0,0.0,0
2022-05-07 13:00:00,22.1,0.0,3.25,66.75,0.525,2.18,177.04,51.43,500348.0,0.0,0
2022-05-07 14:00:00,22.25,0.0,3.625,67.75,0.4,2.08,173.24,53.28,503636.0,4.9,1
2022-05-07 15:00:00,22.1,0.0,4.375,71.25,0.675,2.36,153.49,53.76,497060.0,8.2,1
2022-05-07 16:00:00,22.25,0.0,3.3,70.0,0.9,2.31,112.64,65.2,516151.0,3.1,1
2022-05-07 17:00:00,21.525,0.0,3.575,73.75,1.0,1.74,62.05,65.67,555789.0,0.0,0
2022-05-07 18:00:00,20.4,0.0,3.475,76.25,1.0,0.985,18.25,61.79,617503.0,0.0,0
2022-05-07 19:00:00,19.025,0.0,3.975,78.25,0.775,0.285,8.75,63.64,662482.0,0.0,0
2022-05-07 20:00:00,18.0,0.0,2.975,80.5,0.0,0.0,7.97,54.89,697812.0,0.0,0
2022-05-07 21:00:00,17.45,0.0,3.3,81.0,0.0,0.0,5.1,67.58,714122.0,0.0,0
2022-05-07 22:00:00,17.2,0.0,3.55,77.25,0.0,0.0,1.34,78.0,705443.0,0.0,0
2022-05-07 23:00:00,16.95,0.0,3.25,71.25,0.0,0.0,0.26,62.17,691028.0,0.0,0
2022-05-08 00:00:00,16.675,0.0,3.825,67.0,0.0,0.0,0.18,50.65,677235.0,0.0,0
2022-05-09 01:00:00,16.7,0.0,1.4,84.5,0.0,0.0,0.06,0.71,617837.0,0.0,0
2022-05-09 02:00:00,16.525,0.0,1.625,85.5,0.0,0.0,0.06,7.0,596041.0,0.0,0
2022-05-09 03:00:00,16.475,0.0,2.0,89.75,0.0,0.0,0.06,11.98,576848.0,0.0,0
2022-05-09 04:00:00,16.225,0.0,2.175,89.75,0.0,0.0,0.05,20.14,567966.0,0.0,0
2022-05-09 05:00:00,16.075,0.0,2.525,89.5,0.0,0.0,0.1,32.65,567210.0,0.0,0
2022-05-09 06:00:00,16.175,0.0,2.5,87.0,0.0,0.0,9.05,23.56,574263.0,0.0,0
2022-05-09 07:00:00,16.55,0.0,2.9,80.75,0.025,0.115,25.27,32.51,583218.0,0.0,0
2022-05-09 08:00:00,17.15,0.0,3.175,74.25,0.15,0.42,59.26,38.87,599844.0,0.0,0
2022-05-09 09:00:00,17.925,0.0,3.275,68.75,0.25,0.94,92.75,51.55,609298.0,0.0,0
2022-05-09 10:00:00,18.375,0.0,4.05,65.75,0.25,1.54,150.88,54.71,598558.0,0.0,0
2022-05-09 11:00:00,18.7,0.0,5.075,63.5,0.525,2.595,186.8,46.73,551101.0,0.0,0
2022-05-09 12:00:00,19.35,0.0,4.975,63.0,0.8,3.14,207.03,19.28,515408.0,6.4,1
2022-05-09 13:00:00,19.775,0.0,4.575,63.75,0.825,3.225,200.62,23.45,487998.0,36.0,1
2022-05-09 14:00:00,19.525,0.0,4.475,63.75,0.925,2.82,175.15,54.0,499827.0,34.2,1
2022-05-09 15:00:00,19.225,0.0,4.75,63.5,0.775,2.15,142.08,52.58,519622.0,3.5,1
2022-05-09 16:00:00,19.35,0.0,4.725,62.75,0.8,1.885,105.33,46.42,557358.0,0.0,0
2022-05-09 17:00:00,18.75,0.0,4.675,66.0,0.75,1.595,52.13,50.7,587937.0,0.0,0
2022-05-09 18:00:00,17.95,0.0,4.025,69.0,0.55,0.675,23.95,38.83,644512.0,0.0,0
2022-05-09 19:00:00,17.2,0.0,3.775,71.25,0.525,0.355,9.15,35.08,671744.0,0.0,0
2022-05-09 20:00:00,16.7,0.0,3.275,71.25,0.0,0.0,7.43,35.48,729225.0,0.0,0
2022-05-09 21:00:00,16.55,0.0,3.125,71.25,0.0,0.0,4.52,30.64,751454.0,0.0,0
2022-05-09 22:00:00,16.5,0.0,3.35,72.75,0.0,0.0,1.18,29.67,735391.0,0.0,0
2022-05-09 23:00:00,16.525,0.0,3.375,74.75,0.0,0.0,0.23,29.52,713728.0,0.0,0
2022-05-10 00:00:00,16.3,0.0,2.8,71.75,0.0,0.0,0.18,32.04,688958.0,0.0,0
2022-05-14 01:00:00,15.7,0.0,4.625,81.0,0.0,0.0,0.03,197.16,647110.0,0.0,0
2022-05-14 02:00:00,15.225,0.0,4.9,82.25,0.0,0.0,0.0,192.13,624088.0,0.0,0
2022-05-14 03:00:00,14.825,0.0,4.4,80.25,0.0,0.0,0.0,177.61,604324.0,0.0,0
2022-05-14 04:00:00,14.575,0.0,4.6,79.25,0.0,0.0,0.0,159.48,598452.0,0.0,0
2022-05-14 05:00:00,14.6,0.0,3.9,77.5,0.0,0.0,0.53,185.9,597150.0,0.0,0
2022-05-14 06:00:00,14.375,0.0,3.6,76.25,0.0,0.005,15.53,184.21,603770.0,0.0,0
2022-05-14 07:00:00,15.075,0.0,3.625,77.25,0.8,0.315,65.28,152.87,587080.0,0.0,0
2022-05-14 08:00:00,16.65,0.0,3.375,65.75,1.0,1.035,130.02,94.59,531061.0,1.0,1
2022-05-14 09:00:00,17.675,0.0,3.9,57.0,1.0,1.755,183.41,31.36,504132.0,50.5,1
2022-05-14 10:00:00,18.35,0.0,4.225,53.5,1.0,2.505,191.06,28.39,466242.0,0.0,0
2022-05-14 11:00:00,18.725,0.0,4.5,47.75,1.0,3.095,194.1,10.92,442437.0,84.0,1
2022-05-14 12:00:00,19.05,0.0,3.9,44.5,1.0,3.49,186.09,5.97,435632.0,103.7,1
2022-05-14 13:00:00,19.65,0.0,4.35,46.0,1.0,3.475,179.52,6.4,433560.0,103.7,1
2022-05-14 14:00:00,19.9,0.0,4.25,44.5,1.0,3.24,151.99,33.62,450937.0,103.7,1
2022-05-14 15:00:00,19.25,0.0,4.925,50.0,0.825,2.415,145.38,85.57,477685.0,0.0,0
2022-05-14 16:00:00,19.55,0.0,5.15,48.0,0.875,1.965,107.67,107.57,495664.0,28.1,1
2022-05-14 17:00:00,18.875,0.0,5.25,51.0,0.825,1.385,48.97,136.13,535752.0,0.0,0
2022-05-14 18:00:00,17.775,0.0,5.225,53.0,0.275,0.59,18.11,126.23,607994.0,0.0,0
2022-05-14 19:00:00,17.025,0.0,4.275,57.75,0.0,0.16,8.38,139.11,658665.0,0.0,0
2022-05-14 20:00:00,16.525,0.0,4.35,63.0,0.0,0.0,7.82,135.78,712630.0,0.0,0
2022-05-14 21:00:00,16.15,0.0,4.1,66.0,0.0,0.0,5.29,105.74,727600.0,0.0,0
2022-05-14 22:00:00,16.15,0.0,3.375,62.75,0.0,0.0,1.07,103.12,712328.0,0.0,0
2022-05-14 23:00:00,15.9,0.0,3.6,58.0,0.0,0.0,0.24,118.98,694363.0,0.0,0
2022-05-15 00:00:00,15.925,0.0,3.6,51.25,0.0,0.0,0.2,135.54,675497.0,0.0,0
2022-05-15 01:00:00,15.9,0.0,3.5,52.75,0.0,0.0,0.25,146.49,628198.0,0.0,0
2022-05-15 02:00:00,15.525,0.0,3.575,53.75,0.0,0.0,0.25,156.08,593979.0,0.0,0
2022-05-15 03:00:00,15.375,0.0,4.15,54.0,0.0,0.0,0.25,161.79,573053.0,0.0,0
2022-05-15 04:00:00,15.1,0.0,3.9,55.75,0.0,0.0,0.24,145.98,562848.0,0.0,0
2022-05-15 05:00:00,14.9,0.0,3.325,55.25,0.0,0.0,0.22,162.56,562673.0,0.0,0
2022-05-15 06:00:00,14.925,0.0,3.275,54.0,0.0,0.0,5.19,146.28,569674.0,0.0,0
2022-05-15 07:00:00,14.975,0.0,3.3,52.0,0.0,0.035,29.84,117.23,584873.0,0.0,0
2022-05-15 08:00:00,15.575,0.0,3.275,52.25,0.0,0.31,56.88,133.03,563390.0,0.0,0
2022-05-15 09:00:00,16.075,0.0,3.575,48.75,0.025,0.655,145.61,41.7,546496.0,0.0,0
2022-05-15 10:00:00,17.5,0.0,4.075,46.75,0.85,1.97,152.41,11.07,475514.0,93.6,1
2022-05-15 11:00:00,17.375,0.0,4.575,47.75,0.675,2.05,165.27,17.25,475837.0,104.1,1
2022-05-15 12:00:00,17.65,0.0,4.0,48.25,0.65,2.215,141.27,49.09,464202.0,104.2,1
2022-05-15 13:00:00,18.0,0.0,4.275,49.75,0.425,2.22,169.31,6.94,470230.0,58.0,1
2022-05-15 14:00:00,18.425,0.0,4.625,47.75,0.85,2.585,168.04,6.92,447866.0,93.4,1
2022-05-15 15:00:00,18.525,0.0,5.4,49.25,0.875,2.515,160.28,17.12,444424.0,93.4,1
2022-05-15 16:00:00,18.825,0.0,5.3,47.0,0.975,2.405,111.71,70.7,449427.0,0.0,0
2022-05-15 17:00:00,18.025,0.0,5.475,47.5,0.925,1.5,57.93,116.39,509318.0,7.7,1
2022-05-15 18:00:00,16.825,0.0,5.8,51.5,0.425,0.86,25.45,114.29,581595.0,0.0,0
2022-05-15 19:00:00,15.875,0.0,5.05,53.25,0.4,0.3,9.21,102.67,640333.0,0.0,0
2022-05-15 20:00:00,15.125,0.0,4.375,55.25,0.0,0.01,8.07,117.7,717045.0,0.0,0
2022-05-15 21:00:00,14.75,0.0,4.3,58.25,0.0,0.0,4.93,115.64,742627.0,0.0,0
2022-05-15 22:00:00,14.95,0.0,4.2,57.25,0.0,0.0,1.28,96.54,727181.0,0.0,0
2022-05-15 23:00:00,14.9,0.0,3.625,56.0,0.0,0.0,0.28,95.84,699705.0,0.0,0
2022-05-16 00:00:00,14.875,0.0,2.475,53.25,0.0,0.0,0.19,91.23,676369.0,0.0,0
2022-05-16 01:00:00,14.625,0.0,1.975,52.5,0.0,0.0,0.25,85.09,632167.0,0.0,0
2022-05-16 02:00:00,14.55,0.0,2.95,56.25,0.0,0.0,0.25,93.38,601118.0,0.0,0
2022-05-16 03:00:00,14.175,0.0,3.525,57.75,0.0,0.0,0.11,91.18,585842.0,0.0,0
2022-05-16 04:00:00,14.05,0.0,2.975,58.75,0.0,0.0,0.05,88.5,578370.0,0.0,0
2022-05-16 05:00:00,13.85,0.0,2.625,60.25,0.0,0.0,0.46,92.44,578180.0,0.0,0
2022-05-16 06:00:00,13.775,0.0,2.325,61.25,0.0,0.0,16.94,61.0,589423.0,0.0,0
2022-05-16 07:00:00,14.45,0.0,2.2,60.75,0.2,0.155,57.97,29.58,589919.0,0.0,0
2022-05-16 08:00:00,16.125,0.0,2.225,53.25,0.9,0.88,114.97,22.23,557776.0,0.0,0
2022-05-16 09:00:00,17.4,0.0,2.275,46.75,1.0,1.535,158.72,16.45,544220.0,0.0,0
2022-05-16 10:00:00,18.575,0.0,2.7,43.5,1.0,2.25,196.84,8.41,524914.0,0.0,0
2022-05-16 11:00:00,19.75,0.0,2.875,44.0,1.0,2.795,227.32,0.64,492227.0,1.3,1
2022-05-16 12:00:00,20.525,0.0,2.95,43.75,1.0,3.205,222.35,0.53,455999.0,0.0,0
2022-05-16 13:00:00,21.175,0.0,3.4,44.5,1.0,3.455,200.89,2.93,456313.0,7.4,1
2022-05-16 14:00:00,20.825,0.0,3.975,45.25,1.0,3.065,171.84,1.86,494124.0,0.0,0
2022-05-16 15:00:00,20.475,0.0,4.075,50.25,0.95,2.45,134.46,7.59,517576.0,0.0,0
2022-05-16 16:00:00,20.1,0.0,4.075,51.5,0.725,1.875,104.24,5.98,553625.0,0.0,0
2022-05-16 17:00:00,19.825,0.0,3.725,56.25,0.75,1.655,73.12,2.54,577692.0,0.0,0
2022-05-16 18:00:00,19.125,0.0,3.825,58.25,0.875,1.015,28.4,5.5,614373.0,0.0,0
2022-05-16 19:00:00,17.975,0.0,3.425,64.0,0.825,0.335,9.89,11.63,660960.0,0.0,0
2022-05-16 20:00:00,17.05,0.0,2.1,65.25,0.0,0.005,7.87,6.78,716494.0,0.0,0
2022-05-16 21:00:00,16.75,0.0,2.2,59.0,0.0,0.0,5.98,3.21,742964.0,0.0,0
2022-05-16 22:00:00,16.675,0.0,2.35,55.75,0.0,0.0,1.47,1.42,734715.0,0.0,0
2022-05-16 23:00:00,16.5,0.0,2.35,55.5,0.0,0.0,0.28,3.16,716178.0,0.0,0
2022-05-17 00:00:00,16.425,0.0,2.325,49.75,0.0,0.0,0.19,15.39,698709.0,0.0,0
2022-05-17 01:00:00,16.225,0.0,2.625,54.0,0.0,0.0,0.25,15.42,658049.0,0.0,0
2022-05-17 02:00:00,15.4,0.0,1.95,61.75,0.0,0.0,0.25,21.05,630276.0,0.0,0
2022-05-17 03:00:00,15.075,0.0,2.325,64.75,0.0,0.0,0.25,14.06,612740.0,0.0,0
2022-05-17 04:00:00,14.8,0.0,2.225,69.25,0.0,0.0,0.22,7.78,605757.0,0.0,0
2022-05-17 05:00:00,14.375,0.0,2.2,70.5,0.0,0.0,0.87,14.19,608300.0,0.0,0
2022-05-17 06:00:00,14.575,0.0,2.275,66.5,0.0,0.0,16.94,8.24,617447.0,0.0,0
2022-05-17 07:00:00,16.325,0.0,1.6,59.75,0.85,0.27,65.0,2.06,604921.0,0.0,0
2022-05-17 08:00:00,18.7,0.0,1.875,58.25,1.0,0.975,128.57,2.21,558716.0,0.0,0
2022-05-17 09:00:00,20.475,0.0,2.15,59.25,1.0,1.775,181.32,1.47,538990.0,0.0,0
2022-05-17 10:00:00,20.875,0.0,2.45,61.5,1.0,2.465,212.18,2.48,518040.0,0.0,0
2022-05-17 11:00:00,21.675,0.0,3.15,59.75,1.0,2.985,231.26,1.47,495430.0,2.0,1
2022-05-17 12:00:00,22.175,0.0,3.75,58.75,1.0,3.29,232.7,2.24,480283.0,5.3,1
2022-05-17 13:00:00,22.225,0.0,4.0,55.75,1.0,3.37,223.3,2.99,470667.0,5.3,1
2022-05-17 14:00:00,22.675,0.0,3.9,57.5,1.0,3.25,209.07,5.6,485344.0,5.3,1
2022-05-17 15:00:00,22.975,0.0,3.675,58.25,1.0,2.935,174.71,13.89,501851.0,3.0,1
2022-05-17 16:00:00,22.675,0.0,3.65,57.25,1.0,2.42,123.26,12.0,531711.0,0.0,0
2022-05-17 17:00:00,22.125,0.0,3.6,60.0,1.0,1.75,66.66,4.9,584241.0,0.0,0
2022-05-17 18:00:00,21.6,0.0,3.25,62.0,1.0,1.015,21.41,5.17,641138.0,0.0,0
2022-05-17 19:00:00,20.325,0.0,3.0,65.25,0.925,0.335,9.1,7.45,686519.0,0.0,0
2022-05-17 20:00:00,18.95,0.0,2.575,70.0,0.0,0.005,8.15,4.19,731032.0,0.0,0
2022-05-17 21:00:00,17.925,0.0,2.175,73.0,0.0,0.0,5.83,5.34,749140.0,0.0,0
2022-05-17 22:00:00,16.95,0.0,2.05,69.75,0.0,0.0,1.37,9.92,740118.0,0.0,0
2022-05-17 23:00:00,16.725,0.0,2.575,70.75,0.0,0.0,0.09,10.38,719004.0,0.0,0
2022-05-18 00:00:00,16.75,0.0,2.475,61.0,0.0,0.0,0.0,6.72,694358.0,0.0,0
2022-05-18 01:00:00,16.525,0.0,2.15,60.0,0.0,0.0,0.06,3.56,653387.0,0.0,0
2022-05-18 02:00:00,15.75,0.0,2.2,63.75,0.0,0.0,0.06,1.44,626522.0,0.0,0
2022-05-18 03:00:00,15.925,0.0,1.925,60.75,0.0,0.0,0.06,1.82,609875.0,0.0,0
2022-05-18 04:00:00,16.15,0.0,1.95,59.0,0.0,0.0,0.03,0.87,597608.0,0.0,0
2022-05-18 05:00:00,15.975,0.0,2.25,58.5,0.0,0.0,0.71,0.28,600325.0,0.0,0
2022-05-18 06:00:00,16.225,0.0,1.6,57.0,0.0,0.005,16.97,0.39,610508.0,0.0,0
2022-05-18 07:00:00,18.225,0.0,1.925,54.5,0.85,0.305,64.43,0.86,595189.0,0.0,0
2022-05-18 08:00:00,20.45,0.0,1.6,51.25,1.0,1.005,127.08,1.13,560962.0,0.0,0
2022-05-18 09:00:00,22.2,0.0,2.55,47.25,1.0,1.78,180.17,1.72,546383.0,0.0,0
2022-05-18 10:00:00,22.425,0.0,3.6,52.0,1.0,2.465,208.8,2.24,528426.0,0.0,0
2022-05-18 11:00:00,22.475,0.0,3.6,54.25,1.0,2.975,231.09,3.85,512997.0,0.0,0
2022-05-18 12:00:00,22.6,0.0,3.65,57.75,1.0,3.305,236.23,3.15,491673.0,0.5,1
2022-05-18 13:00:00,22.925,0.0,3.2,58.0,1.0,3.405,233.0,6.2,484107.0,2.0,1
2022-05-18 14:00:00,22.85,0.0,3.25,60.25,1.0,3.295,214.56,7.52,496566.0,0.5,1
2022-05-18 15:00:00,22.525,0.0,3.15,63.0,1.0,2.96,178.65,10.95,516411.0,0.0,0
2022-05-18 16:00:00,22.15,0.0,3.6,65.0,1.0,2.43,126.71,7.38,546003.0,0.0,0
2022-05-18 17:00:00,22.05,0.0,3.2,64.0,1.0,1.755,67.28,6.62,596460.0,0.0,0
2022-05-18 18:00:00,21.875,0.0,2.475,60.75,1.0,1.015,21.87,7.42,655108.0,0.0,0
2022-05-18 19:00:00,20.45,0.0,2.1,63.0,0.875,0.34,9.17,8.48,695429.0,0.0,0
2022-05-18 20:00:00,19.525,0.0,2.05,56.0,0.0,0.005,7.95,2.53,737616.0,0.0,0
2022-05-18 21:00:00,19.175,0.0,2.1,52.5,0.0,0.0,5.79,0.68,753815.0,0.0,0
2022-05-18 22:00:00,18.475,0.0,1.2,60.0,0.0,0.0,1.39,0.09,740874.0,0.0,0
2022-05-18 23:00:00,18.125,0.0,1.475,56.0,0.0,0.0,0.1,0.56,715959.0,0.0,0
2022-05-19 00:00:00,18.0,0.0,1.725,58.0,0.0,0.0,0.0,3.26,692907.0,0.0,0
2022-05-21 01:00:00,17.175,0.0,1.625,83.5,0.0,0.0,0.06,5.72,634171.0,0.0,0
2022-05-21 02:00:00,17.05,0.0,1.875,79.5,0.0,0.0,0.06,5.86,606314.0,0.0,0
2022-05-21 03:00:00,16.425,0.0,1.6,80.0,0.0,0.0,0.06,9.03,587353.0,0.0,0
2022-05-21 04:00:00,16.325,0.0,1.95,82.5,0.0,0.0,0.05,11.63,576476.0,0.0,0
2022-05-21 05:00:00,16.45,0.0,1.925,81.25,0.0,0.0,0.79,30.37,571831.0,0.0,0
2022-05-21 06:00:00,16.775,0.0,2.275,77.75,0.0,0.01,17.2,38.25,576737.0,0.0,0
2022-05-21 07:00:00,18.025,0.0,1.775,76.0,0.65,0.32,62.45,50.23,558557.0,0.0,0
2022-05-21 08:00:00,19.65,0.0,2.65,75.75,1.0,0.99,124.13,64.13,531038.0,0.0,0
2022-05-21 09:00:00,20.75,0.0,2.55,72.5,1.0,1.76,179.3,40.49,511569.0,0.0,0
2022-05-21 10:00:00,21.9,0.0,3.2,65.25,1.0,2.44,211.74,4.68,489918.0,29.7,1
2022-05-21 11:00:00,22.325,0.0,3.475,63.0,1.0,2.99,225.28,4.29,470005.0,66.4,1
2022-05-21 12:00:00,22.2,0.0,3.775,64.0,1.0,3.32,224.92,3.8,454706.0,0.0,0
2022-05-21 13:00:00,23.025,0.0,3.65,62.0,1.0,3.44,218.56,5.46,451516.0,66.4,1
2022-05-21 14:00:00,23.275,0.0,3.9,63.0,1.0,3.355,213.29,8.25,460185.0,0.0,0
2022-05-21 15:00:00,23.1,0.0,4.3,63.75,1.0,3.035,182.42,25.94,465434.0,66.4,1
2022-05-21 16:00:00,23.275,0.0,3.75,62.5,1.0,2.53,130.96,66.4,493909.0,31.5,1
2022-05-21 17:00:00,23.025,0.0,3.875,62.75,1.0,1.875,70.25,64.22,549215.0,0.0,0
2022-05-21 18:00:00,22.325,0.0,3.725,64.25,1.0,1.14,21.6,86.99,616479.0,0.0,0
2022-05-21 19:00:00,20.875,0.0,3.375,69.25,0.925,0.435,9.4,129.81,666795.0,0.0,0
2022-05-21 20:00:00,20.125,0.0,2.275,68.25,0.125,0.02,8.28,127.78,702946.0,0.0,0
2022-05-21 21:00:00,19.6,0.0,2.45,70.25,0.0,0.0,6.07,125.02,720844.0,0.0,0
2022-05-21 22:00:00,19.15,0.0,3.45,69.75,0.0,0.0,1.62,115.23,710255.0,0.0,0
2022-05-21 23:00:00,18.2,0.0,3.45,68.75,0.0,0.0,0.49,125.0,691499.0,0.0,0
2022-05-22 00:00:00,17.9,0.0,2.85,72.25,0.0,0.0,0.17,120.93,669936.0,0.0,0
2022-05-22 01:00:00,17.475,0.0,3.225,74.5,0.0,0.0,0.04,120.25,628198.0,0.0,0
2022-05-22 02:00:00,17.125,0.0,3.5,75.0,0.0,0.0,0.0,104.14,599250.0,0.0,0
2022-05-22 03:00:00,16.35,0.0,2.25,73.5,0.0,0.0,0.0,91.11,580795.0,0.0,0
2022-05-22 04:00:00,16.1,0.0,2.55,73.75,0.0,0.0,0.02,74.62,573002.0,0.0,0
2022-05-22 05:00:00,15.9,0.0,2.2,77.75,0.0,0.0,0.81,102.22,572002.0,0.0,0
2022-05-22 06:00:00,15.95,0.0,2.475,77.75,0.025,0.01,16.29,58.02,576787.0,0.0,0
2022-05-22 07:00:00,17.925,0.0,2.25,68.5,0.9,0.355,65.5,35.81,557824.0,0.0,0
2022-05-22 08:00:00,20.425,0.0,2.375,68.5,1.0,1.025,127.67,16.77,513463.0,0.0,0
2022-05-22 09:00:00,21.55,0.0,2.725,68.5,1.0,1.85,180.02,20.9,480679.0,0.0,0
2022-05-22 10:00:00,22.05,0.0,2.95,63.5,1.0,2.515,205.99,7.59,459424.0,6.3,1
2022-05-22 11:00:00,22.35,0.0,3.375,65.0,1.0,3.03,207.94,8.46,440390.0,0.0,0
2022-05-22 12:00:00,23.175,0.0,3.525,65.25,1.0,3.355,210.75,7.79,438663.0,26.2,1
2022-05-22 13:00:00,23.45,0.0,3.25,65.5,1.0,3.49,206.91,7.31,441990.0,0.0,0
2022-05-22 14:00:00,24.025,0.0,3.35,63.0,1.0,3.355,199.98,9.96,449296.0,0.0,0
2022-05-22 15:00:00,24.3,0.0,3.25,59.0,1.0,3.02,177.06,21.49,452147.0,26.1,1
2022-05-22 16:00:00,23.9,0.0,3.175,63.0,1.0,2.515,127.82,23.1,485012.0,1.7,1
2022-05-22 17:00:00,23.325,0.0,2.85,66.0,1.0,1.835,69.27,29.14,538338.0,0.0,0
2022-05-22 18:00:00,23.1,0.0,3.025,63.25,1.0,1.115,21.38,28.98,610161.0,0.0,0
2022-05-22 19:00:00,21.85,0.0,2.425,65.5,0.825,0.375,9.19,37.96,661881.0,0.0,0
2022-05-22 20:00:00,20.85,0.0,1.8,65.0,0.025,0.01,7.83,33.05,695315.0,0.0,0
2022-05-22 21:00:00,20.575,0.0,2.75,63.0,0.0,0.0,5.99,33.45,710441.0,0.0,0
2022-05-22 22:00:00,20.275,0.0,2.05,64.5,0.0,0.0,1.64,40.99,698148.0,0.0,0
2022-05-22 23:00:00,19.6,0.0,1.6,65.25,0.0,0.0,0.48,36.71,676525.0,0.0,0
2022-05-23 00:00:00,19.125,0.0,1.725,66.0,0.0,0.0,0.17,23.97,650151.0,0.0,0
2022-05-27 01:00:00,16.325,0.0,2.075,68.25,0.0,0.0,0.06,22.99,629430.0,0.0,0
2022-05-27 02:00:00,16.225,0.0,2.25,64.75,0.0,0.0,0.06,22.19,600427.0,0.0,0
2022-05-27 03:00:00,16.225,0.0,2.1,62.5,0.0,0.0,0.06,32.64,583929.0,0.0,0
2022-05-27 04:00:00,15.925,0.0,1.975,63.75,0.0,0.0,0.05,45.18,572221.0,0.0,0
2022-05-27 05:00:00,16.125,0.0,2.4,60.5,0.0,0.0,0.96,55.15,575103.0,0.0,0
2022-05-27 06:00:00,16.625,0.0,2.675,58.75,0.075,0.005,16.89,49.42,585929.0,0.0,0
2022-05-27 07:00:00,18.425,0.0,2.775,59.75,0.925,0.385,67.51,35.68,583454.0,0.0,0
2022-05-27 08:00:00,21.5,0.0,3.175,51.5,1.0,1.11,131.51,31.74,564438.0,0.0,0
2022-05-27 09:00:00,22.75,0.0,3.65,51.0,1.0,1.89,184.84,40.55,553489.0,0.0,0
2022-05-27 10:00:00,23.475,0.0,3.725,53.25,1.0,2.545,214.3,46.52,538714.0,0.0,0
2022-05-27 11:00:00,23.575,0.0,3.9,56.0,1.0,3.055,237.09,21.84,519284.0,24.5,1
2022-05-27 12:00:00,25.4,0.0,3.85,45.0,1.0,3.395,243.72,10.22,502441.0,84.6,1
2022-05-27 13:00:00,27.325,0.0,5.075,36.0,1.0,3.54,239.48,26.68,499681.0,98.3,1
2022-05-27 14:00:00,27.375,0.0,4.65,38.25,1.0,3.4,222.0,53.38,520527.0,84.7,1
2022-05-27 15:00:00,27.1,0.0,4.825,41.25,1.0,3.055,185.1,100.57,533248.0,55.6,1
2022-05-27 16:00:00,26.675,0.0,4.55,42.25,1.0,2.515,132.34,101.08,568850.0,6.7,1
2022-05-27 17:00:00,25.85,0.0,4.6,44.5,1.0,1.855,71.75,62.95,618039.0,0.0,0
2022-05-27 18:00:00,25.05,0.0,4.075,49.25,1.0,1.135,22.44,61.19,673247.0,0.0,0
2022-05-27 19:00:00,22.65,0.0,3.1,60.25,0.95,0.43,9.71,81.77,705986.0,0.0,0
2022-05-27 20:00:00,21.05,0.0,2.5,67.5,0.125,0.025,8.35,80.21,732037.0,0.0,0
2022-05-27 21:00:00,20.1,0.0,2.025,72.5,0.0,0.0,6.33,63.59,741925.0,0.0,0
2022-05-27 22:00:00,19.8,0.0,2.475,67.25,0.0,0.0,1.77,49.06,724650.0,0.0,0
2022-05-27 23:00:00,19.95,0.0,2.725,64.0,0.0,0.0,0.49,32.06,697722.0,0.0,0
2022-05-28 00:00:00,19.7,0.0,2.775,61.0,0.0,0.0,0.17,22.88,670832.0,0.0,0
2022-05-28 01:00:00,19.575,0.0,2.775,62.5,0.0,0.0,0.06,20.81,625359.0,0.0,0
2022-05-28 02:00:00,19.425,0.0,2.45,59.25,0.0,0.0,0.06,15.93,595644.0,0.0,0
2022-05-28 03:00:00,18.525,0.0,2.175,59.25,0.0,0.0,0.06,4.21,573295.0,0.0,0
2022-05-28 04:00:00,18.45,0.0,2.15,59.0,0.0,0.0,0.05,3.66,558845.0,0.0,0
2022-05-28 05:00:00,18.6,0.0,2.025,58.0,0.0,0.0,0.79,10.33,557245.0,0.0,0
2022-05-28 06:00:00,18.75,0.0,2.075,58.5,0.0,0.005,17.36,8.99,562992.0,0.0,0
2022-05-28 07:00:00,20.15,0.0,2.0,57.75,0.225,0.245,65.34,9.74,559635.0,0.0,0
2022-05-28 08:00:00,21.7,0.0,2.325,60.5,0.875,0.935,123.93,3.76,532516.0,0.0,0
2022-05-28 09:00:00,22.575,0.0,3.15,64.25,1.0,1.715,149.46,11.67,522349.0,0.0,0
2022-05-28 10:00:00,23.15,0.0,3.625,68.0,0.8,1.75,166.84,28.31,535364.0,0.0,0
2022-05-28 11:00:00,24.175,0.0,3.8,61.25,0.8,2.06,150.3,28.46,529552.0,0.0,0
2022-05-28 12:00:00,23.85,0.0,4.4,64.5,0.5,2.12,186.23,29.79,549609.0,0.0,0
2022-05-28 13:00:00,24.0,0.0,4.775,65.25,0.75,2.4,172.73,29.85,507139.0,9.2,1
2022-05-28 14:00:00,23.025,0.0,4.525,71.5,0.5,2.125,148.48,38.55,526560.0,17.6,1
2022-05-28 15:00:00,23.05,0.0,4.3,74.0,0.625,2.055,123.94,40.01,541507.0,0.3,1
2022-05-28 16:00:00,22.925,0.0,4.05,71.25,0.35,1.53,68.92,26.47,567932.0,0.0,0
2022-05-28 17:00:00,21.45,0.0,3.825,82.0,0.025,0.77,39.71,21.62,617251.0,0.0,0
2022-05-28 18:00:00,20.575,0.0,4.25,87.0,0.0,0.415,17.89,33.44,652397.0,0.0,0
2022-05-28 19:00:00,20.075,0.0,3.475,89.75,0.0,0.16,9.32,46.99,679292.0,0.0,0
2022-05-28 20:00:00,19.675,0.0,2.5,91.25,0.0,0.015,7.09,37.23,705629.0,0.0,0
2022-05-28 21:00:00,19.575,0.0,2.1,87.25,0.0,0.0,4.01,67.42,709674.0,0.0,0
2022-05-28 22:00:00,19.625,0.0,2.75,81.0,0.0,0.0,1.43,88.94,690053.0,0.0,0
2022-05-28 23:00:00,19.575,0.0,2.7,77.25,0.0,0.0,0.09,58.42,668328.0,0.0,0
2022-05-29 00:00:00,19.5,0.0,2.35,75.5,0.0,0.0,0.0,39.33,645101.0,0.0,0
2022-05-29 01:00:00,18.9,0.0,2.075,77.75,0.0,0.0,0.03,30.83,604867.0,0.0,0
2022-05-29 02:00:00,18.275,0.0,2.3,78.0,0.0,0.0,0.0,35.72,575159.0,0.0,0
2022-05-29 03:00:00,18.1,0.0,2.025,84.5,0.0,0.0,0.0,32.6,553490.0,0.0,0
2022-05-29 04:00:00,18.325,0.0,2.125,82.0,0.0,0.0,0.02,26.8,530189.0,0.0,0
2022-05-29 05:00:00,18.45,0.0,2.05,83.5,0.0,0.0,1.14,45.19,528154.0,0.0,0
2022-05-29 06:00:00,18.4,0.0,1.8,84.25,0.05,0.015,19.56,49.55,535025.0,0.0,0
2022-05-29 07:00:00,19.625,0.0,2.575,84.75,0.4,0.315,51.24,78.92,528456.0,0.0,0
2022-05-29 08:00:00,20.6,0.0,2.675,77.25,0.425,0.88,76.26,81.22,521157.0,0.0,0
2022-05-29 09:00:00,21.225,0.0,3.75,74.0,0.15,1.13,110.96,88.59,526951.0,0.0,0
2022-05-29 10:00:00,22.025,0.0,3.55,71.75,0.3,1.525,104.65,96.72,526525.0,18.6,1
2022-05-29 11:00:00,21.55,0.0,4.075,77.25,0.025,1.505,79.96,95.2,552978.0,5.7,1
2022-05-29 12:00:00,20.95,0.0,3.85,80.25,0.0,1.06,52.67,92.12,579646.0,0.0,0
2022-05-29 13:00:00,20.375,1.0,3.8,83.25,0.0,0.69,51.31,83.21,610491.0,0.0,0
2022-05-29 14:00:00,20.125,1.05,3.325,85.75,0.0,0.845,43.77,63.05,603063.0,0.0,0
2022-05-29 15:00:00,20.375,0.4,4.05,84.5,0.0,0.84,41.87,75.32,608360.0,0.0,0
2022-05-29 16:00:00,20.375,0.7,4.725,88.75,0.0,0.855,31.23,92.36,609063.0,0.0,0
2022-05-29 17:00:00,20.125,1.067,4.8,91.0,0.0,0.68,21.32,90.44,628681.0,0.0,0
2022-05-29 18:00:00,19.95,1.2,5.15,93.0,0.025,0.535,6.87,88.87,661964.0,0.0,0
2022-05-29 19:00:00,19.8,1.4,4.325,93.75,0.0,0.12,5.28,84.84,693736.0,0.0,0
2022-05-29 20:00:00,20.025,1.233,5.375,94.0,0.0,0.01,3.06,94.68,707728.0,0.0,0
2022-05-29 21:00:00,20.55,1.65,4.725,93.0,0.0,0.0,0.49,59.37,711150.0,0.0,0
2022-05-29 22:00:00,20.825,1.15,4.55,93.75,0.0,0.0,0.03,45.05,688966.0,0.0,0
2022-05-29 23:00:00,20.775,0.9,4.4,95.5,0.0,0.0,0.0,33.39,661143.0,0.0,0
2022-05-30 00:00:00,20.75,0.5,2.65,95.75,0.0,0.0,0.0,9.38,632427.0,0.0,0
2022-06-01 01:00:00,18.55,0.0,1.875,58.5,0.0,0.0,0.06,11.06,609759.0,0.0,0
2022-06-01 02:00:00,17.925,0.0,1.6,63.5,0.0,0.0,0.06,5.17,580519.0,0.0,0
2022-06-01 03:00:00,17.5,0.0,1.625,62.25,0.0,0.0,0.06,1.72,561518.0,0.0,0
2022-06-01 04:00:00,17.4,0.0,1.825,63.0,0.0,0.0,0.05,9.21,547050.0,0.0,0
2022-06-01 05:00:00,16.8,0.0,1.55,67.25,0.0,0.0,0.44,35.48,544239.0,0.0,0
2022-06-01 06:00:00,17.6,0.0,2.3,64.25,0.0,0.005,12.4,29.06,546887.0,0.0,0
2022-06-01 07:00:00,18.9,0.0,2.325,69.0,0.0,0.12,26.81,13.42,556052.0,0.0,0
2022-06-01 08:00:00,19.775,0.0,1.2,70.75,0.0,0.33,56.69,7.46,567592.0,0.0,0
2022-06-01 09:00:00,21.0,0.0,2.15,67.25,0.025,0.845,126.45,11.39,563026.0,0.0,0
2022-06-01 10:00:00,22.25,0.0,3.025,70.25,0.6,1.845,166.59,9.03,525212.0,0.0,0
2022-06-01 11:00:00,22.125,0.0,3.55,70.5,0.8,2.25,210.93,4.77,508192.0,0.0,0
2022-06-01 12:00:00,22.825,0.0,3.375,69.3,0.925,3.19,233.42,1.84,463409.0,0.0,0
2022-06-01 13:00:00,23.025,0.0,2.95,70.3,1.0,3.535,228.29,1.88,452412.0,6.1,1
2022-06-01 14:00:00,23.35,0.0,3.55,71.5,1.0,3.33,218.43,4.98,468481.0,0.0,0
2022-06-01 15:00:00,23.15,0.0,3.65,75.0,1.0,2.98,176.9,11.25,475068.0,0.0,0
2022-06-01 16:00:00,22.65,0.0,3.1,76.0,1.0,2.465,111.33,9.23,518201.0,0.0,0
2022-06-01 17:00:00,21.825,0.0,3.525,79.75,0.85,1.4,49.58,5.74,584468.0,0.0,0
2022-06-01 18:00:00,21.05,0.0,2.55,82.0,0.025,0.6,20.45,5.25,649150.0,0.0,0
2022-06-01 19:00:00,20.3,0.0,2.675,86.25,0.0,0.195,9.47,5.69,682951.0,0.0,0
2022-06-01 20:00:00,19.6,0.0,1.675,89.25,0.0,0.005,8.23,3.28,705760.0,0.0,0
2022-06-01 21:00:00,19.2,0.0,1.65,91.5,0.0,0.0,5.91,1.59,714235.0,0.0,0
2022-06-01 22:00:00,18.6,0.0,1.425,93.75,0.0,0.0,1.71,0.35,693877.0,0.0,0
2022-06-01 23:00:00,18.25,0.0,1.775,90.0,0.0,0.0,0.46,2.44,672009.0,0.0,0
2022-06-02 00:00:00,17.8,0.0,1.225,89.75,0.0,0.0,0.16,9.59,643258.0,0.0,0
2022-06-06 01:00:00,18.625,0.0,3.95,92.5,0.0,0.0,0.0,112.89,586737.0,0.0,0
2022-06-06 02:00:00,18.5,0.0,3.275,93.5,0.0,0.0,0.0,91.31,555162.0,0.0,0
2022-06-06 03:00:00,18.375,0.0,3.05,90.75,0.0,0.0,0.0,81.8,536493.0,0.0,0
2022-06-06 04:00:00,18.4,0.0,3.025,93.25,0.0,0.0,0.0,76.33,525014.0,0.0,0
2022-06-06 05:00:00,18.225,0.0,2.0,93.0,0.0,0.0,0.85,94.95,525173.0,0.0,0
2022-06-06 06:00:00,18.05,0.0,2.225,94.75,0.075,0.02,15.07,102.58,532309.0,0.0,0
2022-06-06 07:00:00,19.325,0.0,3.15,91.25,0.55,0.31,49.08,81.92,536591.0,0.0,0
2022-06-06 08:00:00,19.925,0.0,3.125,88.5,0.575,0.625,78.61,65.59,537263.0,0.0,0
2022-06-06 09:00:00,20.025,0.8,3.475,91.25,0.375,0.555,121.31,53.16,549632.0,0.0,0
2022-06-06 10:00:00,21.025,0.0,4.825,85.5,0.475,0.945,165.3,60.97,545471.0,0.0,0
2022-06-06 11:00:00,21.8,0.0,4.6,84.25,0.7,1.815,203.75,35.06,516614.0,2.8,1
2022-06-06 12:00:00,22.525,0.0,4.775,77.25,0.975,3.33,222.25,12.03,483139.0,40.7,1
2022-06-06 13:00:00,23.275,0.0,4.25,74.75,1.0,3.495,226.94,9.87,467306.0,63.3,1
2022-06-06 14:00:00,23.5,0.0,4.575,71.25,1.0,3.345,206.97,29.72,467859.0,63.3,1
2022-06-06 15:00:00,23.75,0.0,5.075,70.25,0.975,2.965,172.73,68.66,485083.0,56.6,1
2022-06-06 16:00:00,22.95,0.0,4.75,72.75,0.95,2.315,115.99,87.58,515774.0,33.0,1
2022-06-06 17:00:00,22.725,0.0,3.25,73.5,0.575,1.475,73.93,35.31,580538.0,0.4,1
2022-06-06 18:00:00,22.1,0.0,3.525,75.75,1.0,1.105,28.2,34.67,624354.0,0.0,0
2022-06-06 19:00:00,20.95,0.0,3.7,80.75,0.85,0.415,11.37,44.8,668497.0,0.0,0
2022-06-06 20:00:00,19.775,0.0,3.8,84.5,0.1,0.045,8.39,66.49,698384.0,0.0,0
2022-06-06 21:00:00,19.5,0.0,3.325,86.5,0.0,0.0,6.17,46.28,710834.0,0.0,0
2022-06-06 22:00:00,19.4,0.0,2.875,86.25,0.0,0.0,1.58,20.71,694318.0,0.0,0
2022-06-06 23:00:00,19.05,0.0,2.475,89.25,0.0,0.0,0.45,17.43,660329.0,0.0,0
2022-06-07 00:00:00,19.2,0.0,2.1,87.5,0.0,0.0,0.15,18.08,630054.0,0.0,0
2022-06-12 01:00:00,19.9,0.0,2.35,87.75,0.0,0.0,0.03,17.72,593654.0,0.0,0
2022-06-12 02:00:00,20.0,0.0,2.95,89.25,0.0,0.0,0.0,17.74,560036.0,0.0,0
2022-06-12 03:00:00,19.775,0.0,2.575,90.25,0.0,0.0,0.0,17.88,534415.0,0.0,0
2022-06-12 04:00:00,19.75,0.0,2.65,90.0,0.0,0.0,0.01,18.03,522109.0,0.0,0
2022-06-12 05:00:00,19.675,0.0,2.475,88.5,0.0,0.0,1.57,16.01,520973.0,0.0,0
2022-06-12 06:00:00,19.8,0.0,2.725,87.0,0.0,0.03,19.44,10.36,527830.0,0.0,0
2022-06-12 07:00:00,20.375,0.0,3.25,84.25,0.675,0.37,54.73,20.8,529378.0,0.0,0
2022-06-12 08:00:00,21.275,0.0,3.475,80.0,0.85,0.875,95.99,28.7,521201.0,0.0,0
2022-06-12 09:00:00,22.05,0.0,3.25,76.25,0.9,1.41,118.63,51.46,515204.0,0.0,0
2022-06-12 10:00:00,22.25,0.0,4.8,75.25,0.65,1.74,134.4,65.34,520503.0,0.0,0
2022-06-12 11:00:00,22.975,0.0,3.35,73.75,0.675,2.14,152.97,62.44,515488.0,0.0,0
2022-06-12 12:00:00,23.3,0.0,3.675,72.25,0.65,2.55,133.16,39.41,500259.0,0.0,0
2022-06-12 13:00:00,23.875,0.0,4.45,72.0,0.475,2.275,176.36,26.89,525209.0,2.0,1
2022-06-12 14:00:00,24.1,0.0,3.175,68.25,0.775,2.74,120.51,40.34,488183.0,26.2,1
2022-06-12 15:00:00,23.225,0.0,3.625,73.75,0.425,1.94,84.45,28.85,546403.0,4.6,1
2022-06-12 16:00:00,22.575,0.0,3.3,76.75,0.025,1.235,55.03,15.28,582402.0,0.0,0
2022-06-12 17:00:00,21.85,0.0,3.475,79.75,0.0,0.8,38.57,15.79,615192.0,0.0,0
2022-06-12 18:00:00,21.525,0.0,3.65,82.25,0.0,0.495,17.23,14.58,641681.0,0.0,0
2022-06-12 19:00:00,20.925,0.0,2.9,86.25,0.0,0.15,9.53,23.62,676616.0,0.0,0
2022-06-12 20:00:00,20.675,0.0,2.65,87.0,0.0,0.005,7.39,19.51,701755.0,0.0,0
2022-06-12 21:00:00,20.525,0.0,2.85,88.25,0.0,0.0,4.33,19.73,708071.0,0.0,0
2022-06-12 22:00:00,20.65,0.0,2.725,88.5,0.0,0.0,1.54,20.46,686205.0,0.0,0
2022-06-12 23:00:00,20.575,0.0,2.35,87.25,0.0,0.0,0.43,18.01,656735.0,0.0,0
2022-06-13 00:00:00,20.55,0.0,2.9,87.0,0.0,0.0,0.15,20.63,627347.0,0.0,0
2022-06-25 01:00:00,24.175,0.0,2.825,93.75,0.0,0.0,0.06,7.44,666266.0,0.0,0
2022-06-25 02:00:00,23.25,0.0,2.975,96.5,0.0,0.0,0.01,14.34,625438.0,0.0,0
2022-06-25 03:00:00,23.5,0.0,2.275,97.0,0.0,0.0,0.0,14.97,593947.0,0.0,0
2022-06-25 04:00:00,23.6,0.0,3.45,96.0,0.0,0.0,0.02,53.54,573477.0,0.0,0
2022-06-25 05:00:00,23.3,2.7,2.875,95.25,0.0,0.0,0.28,76.87,565522.0,0.0,0
2022-06-25 06:00:00,23.075,6.75,2.675,95.5,0.0,0.005,5.99,82.39,569257.0,0.0,0
2022-06-25 07:00:00,23.4,1.567,2.675,95.0,0.0,0.105,26.98,26.57,591499.0,0.0,0
2022-06-25 08:00:00,24.175,0.2,2.625,93.5,0.225,0.51,66.93,68.84,607264.0,0.0,0
2022-06-25 09:00:00,25.175,0.0,4.0,90.0,0.4,1.17,111.04,113.93,626966.0,0.0,0
2022-06-25 10:00:00,25.65,0.0,4.1,87.25,0.625,1.915,119.79,137.5,645989.0,0.0,0
2022-06-25 11:00:00,25.825,0.0,4.25,88.25,0.575,2.45,146.85,101.09,681458.0,0.0,0
2022-06-25 12:00:00,27.225,0.0,4.1,83.25,0.7,2.865,180.37,124.59,669680.0,0.0,0
2022-06-25 13:00:00,27.725,0.0,5.325,80.25,0.975,2.7,193.49,102.91,653866.0,4.3,1
2022-06-25 14:00:00,28.075,0.0,4.075,78.75,0.925,2.35,150.75,77.93,659578.0,14.8,1
2022-06-25 15:00:00,27.475,0.0,4.6,82.75,0.7,2.19,147.08,64.76,695945.0,0.0,0
2022-06-25 16:00:00,27.05,0.0,4.675,84.75,0.675,2.45,126.26,109.3,692237.0,0.0,0
2022-06-25 17:00:00,26.0,0.0,5.375,88.75,0.625,1.975,61.41,112.83,719976.0,0.0,0
2022-06-25 18:00:00,25.9,0.0,3.65,86.5,0.275,0.94,21.99,72.85,782173.0,0.0,0
2022-06-25 19:00:00,25.8,0.0,4.0,86.75,0.275,0.41,8.99,106.34,815639.0,0.0,0
2022-06-25 20:00:00,25.075,0.0,3.575,90.0,0.025,0.025,6.68,160.39,823558.0,0.0,0
2022-06-25 21:00:00,24.225,0.0,4.375,93.25,0.0,0.0,3.63,136.08,812593.0,0.0,0
2022-06-25 22:00:00,23.95,0.0,4.2,93.75,0.0,0.0,1.35,115.35,790324.0,0.0,0
2022-06-25 23:00:00,24.1,0.0,3.825,93.0,0.0,0.0,0.46,88.18,753739.0,0.0,0
2022-06-26 00:00:00,24.3,0.0,3.7,92.75,0.0,0.0,0.16,81.76,719587.0,0.0,0
2022-07-09 01:00:00,26.075,0.0,3.675,92.5,0.0,0.0,0.06,40.05,765563.0,0.0,0
2022-07-09 02:00:00,25.825,0.0,3.125,91.5,0.0,0.0,0.06,25.09,714159.0,0.0,0
2022-07-09 03:00:00,25.625,0.0,3.15,92.5,0.0,0.0,0.06,32.32,676910.0,0.0,0
2022-07-09 04:00:00,25.45,0.0,3.125,92.5,0.0,0.0,0.05,27.3,651208.0,0.0,0
2022-07-09 05:00:00,25.3,0.0,3.225,90.0,0.0,0.0,0.56,29.47,638643.0,0.0,0
2022-07-09 06:00:00,25.35,0.0,3.075,88.25,0.0,0.005,13.94,33.55,641751.0,0.0,0
2022-07-09 07:00:00,26.1,0.0,2.95,86.25,0.725,0.3,56.27,51.0,658777.0,0.0,0
2022-07-09 08:00:00,27.025,0.0,2.925,77.75,1.0,0.98,116.72,63.32,665893.0,0.0,0
2022-07-09 09:00:00,27.625,0.0,3.0,75.5,1.0,1.74,171.36,73.59,677072.0,0.0,0
2022-07-09 10:00:00,28.0,0.0,3.175,73.0,1.0,2.41,207.38,77.64,691890.0,0.0,0
2022-07-09 11:00:00,28.65,0.0,4.425,71.75,1.0,2.93,231.54,69.33,702228.0,0.0,0
2022-07-09 12:00:00,29.2,0.0,3.775,67.75,1.0,3.275,240.03,53.76,700723.0,6.1,1
2022-07-09 13:00:00,29.825,0.0,4.175,67.75,1.0,3.405,234.74,65.24,697633.0,10.1,1
2022-07-09 14:00:00,30.025,0.0,4.125,68.75,1.0,3.315,217.21,74.64,707221.0,7.7,1
2022-07-09 15:00:00,29.8,0.0,3.85,69.0,1.0,3.03,183.1,54.08,728583.0,0.0,0
2022-07-09 16:00:00,29.775,0.0,4.075,69.25,1.0,2.56,135.06,34.3,762233.0,0.0,0
2022-07-09 17:00:00,29.75,0.0,3.575,70.0,1.0,1.935,77.76,17.04,817546.0,0.0,0
2022-07-09 18:00:00,29.275,0.0,3.15,73.0,1.0,1.22,28.63,9.08,884934.0,0.0,0
2022-07-09 19:00:00,28.35,0.0,2.95,77.0,0.975,0.525,11.53,21.0,930187.0,0.0,0
2022-07-09 20:00:00,27.2,0.0,2.75,82.5,0.125,0.07,7.77,23.23,940287.0,0.0,0
2022-07-09 21:00:00,26.725,0.0,1.8,85.25,0.0,0.0,5.76,6.79,938791.0,0.0,0
2022-07-09 22:00:00,26.325,0.0,1.7,85.75,0.0,0.0,1.72,6.34,897035.0,0.0,0
2022-07-09 23:00:00,26.15,0.0,1.85,86.25,0.0,0.0,0.44,10.04,841205.0,0.0,0
2022-07-10 00:00:00,25.975,0.0,1.825,84.5,0.0,0.0,0.16,17.18,789533.0,0.0,0
2022-09-06 01:00:00,24.15,0.625,14.275,96.5,0.0,0.0,0.0,14.39,594473.0,0.0,0
2022-09-06 02:00:00,23.35,1.1,16.225,93.5,0.0,0.0,0.0,11.59,548215.0,0.0,0
2022-09-06 03:00:00,22.525,0.175,15.775,92.0,0.0,0.0,0.0,15.86,510874.0,0.0,0
2022-09-06 04:00:00,22.125,0.1,14.1,91.5,0.0,0.0,0.0,27.56,502673.0,0.0,0
2022-09-06 05:00:00,22.1,0.225,13.55,90.25,0.0,0.0,0.0,32.17,509648.0,0.0,0
2022-09-06 06:00:00,22.9,0.0,10.6,83.25,0.0,0.0,0.52,73.31,518035.0,0.0,0
2022-09-06 07:00:00,22.8,0.0,11.525,84.5,0.025,0.0,10.29,77.93,538946.0,0.0,0
2022-09-06 08:00:00,22.95,0.0,11.575,83.0,0.3,0.08,26.63,94.08,573437.0,0.0,0
2022-09-06 09:00:00,22.8,0.0,10.35,80.75,0.325,0.21,38.19,126.83,623592.0,0.0,0
2022-09-06 10:00:00,22.9,0.0,8.6,79.0,0.275,0.4,78.78,154.28,663728.0,0.0,0
2022-09-06 11:00:00,24.125,0.0,7.475,74.0,0.4,0.875,150.98,111.64,655056.0,4.4,1
2022-09-06 12:00:00,24.825,0.0,7.65,70.5,0.75,1.77,188.74,46.13,608551.0,82.5,1
2022-09-06 13:00:00,25.075,0.0,7.55,69.25,0.8,2.21,186.5,75.46,583781.0,148.0,1
2022-09-06 14:00:00,25.5,0.0,6.5,68.5,0.9,2.16,177.97,70.45,598821.0,148.7,1
2022-09-06 15:00:00,25.925,0.0,6.575,68.0,0.9,2.07,161.91,71.65,604923.0,148.7,1
2022-09-06 16:00:00,25.75,0.0,6.425,68.0,0.9,1.85,113.21,132.19,615841.0,117.8,1
2022-09-06 17:00:00,25.0,0.0,6.1,72.0,0.825,1.12,50.64,154.63,666172.0,15.8,1
2022-09-06 18:00:00,24.375,0.0,6.0,71.25,0.875,0.62,7.62,170.64,712358.0,0.0,0
2022-09-06 19:00:00,23.275,0.0,5.925,76.5,0.275,0.085,2.88,183.47,741130.0,0.0,0
2022-09-06 20:00:00,22.85,0.0,4.625,79.0,0.0,0.0,2.72,135.34,753315.0,0.0,0
2022-09-06 21:00:00,22.65,0.0,4.125,80.25,0.0,0.0,1.85,91.8,732653.0,0.0,0
2022-09-06 22:00:00,22.275,0.0,2.625,81.75,0.0,0.0,0.53,74.42,695524.0,0.0,0
2022-09-06 23:00:00,22.0,0.0,2.55,82.0,0.0,0.0,0.0,42.75,660279.0,0.0,0
2022-09-07 00:00:00,21.3,0.0,2.3,83.25,0.0,0.0,0.0,43.25,629250.0,0.0,0
2022-09-07 01:00:00,21.0,0.0,2.45,82.75,0.0,0.0,0.05,37.14,586566.0,0.0,0
2022-09-07 02:00:00,20.65,0.0,2.725,84.5,0.0,0.0,0.06,34.83,554297.0,0.0,0
2022-09-07 03:00:00,20.4,0.0,2.525,84.75,0.0,0.0,0.06,46.17,532216.0,0.0,0
2022-09-07 04:00:00,20.3,0.0,2.725,82.0,0.0,0.0,0.04,36.92,520352.0,0.0,0
2022-09-07 05:00:00,20.0,0.0,2.625,81.75,0.0,0.0,0.05,33.29,515035.0,0.0,0
2022-09-07 06:00:00,20.075,0.0,2.3,79.0,0.0,0.0,4.49,32.61,529844.0,0.0,0
2022-09-07 07:00:00,20.5,0.0,2.225,74.75,0.35,0.13,47.4,28.35,560331.0,0.0,0
2022-09-07 08:00:00,22.775,0.0,1.9,68.5,0.95,0.635,106.47,19.92,581726.0,0.0,0
2022-09-07 09:00:00,24.9,0.0,1.775,66.0,0.925,1.29,169.26,14.01,604478.0,0.0,0
2022-09-07 10:00:00,26.025,0.0,2.35,56.0,1.0,2.045,213.13,18.84,602783.0,0.0,0
2022-09-07 11:00:00,26.8,0.0,2.95,47.25,1.0,2.655,237.36,4.82,594000.0,6.4,1
2022-09-07 12:00:00,27.175,0.0,3.575,49.75,1.0,3.05,246.88,4.52,580330.0,20.2,1
2022-09-07 13:00:00,27.275,0.0,3.85,50.75,1.0,3.175,241.55,26.65,568447.0,24.2,1
2022-09-07 14:00:00,27.35,0.0,3.525,49.75,1.0,3.04,218.49,43.36,593579.0,20.0,1
2022-09-07 15:00:00,27.275,0.0,3.4,54.5,1.0,2.64,174.49,33.7,621035.0,3.1,1
2022-09-07 16:00:00,27.025,0.0,3.325,50.75,1.0,2.05,112.6,23.21,658331.0,0.0,0
2022-09-07 17:00:00,27.1,0.0,2.775,42.25,1.0,1.295,46.1,16.96,705903.0,0.0,0
2022-09-07 18:00:00,25.8,0.0,2.6,47.0,0.9,0.52,10.39,40.96,746852.0,0.0,0
2022-09-07 19:00:00,24.45,0.0,2.6,52.25,0.1,0.075,7.36,82.19,760784.0,0.0,0
2022-09-07 20:00:00,23.55,0.0,2.7,58.75,0.0,0.0,6.97,63.5,774694.0,0.0,0
2022-09-07 21:00:00,23.35,0.0,2.2,63.25,0.0,0.0,4.4,58.84,750929.0,0.0,0
2022-09-07 22:00:00,23.225,0.0,2.075,67.25,0.0,0.0,1.23,55.38,716463.0,0.0,0
2022-09-07 23:00:00,23.2,0.0,2.2,73.25,0.0,0.0,0.16,56.17,683094.0,0.0,0
2022-09-08 00:00:00,22.75,0.0,2.575,78.75,0.0,0.0,0.0,40.2,653251.0,0.0,0
2022-09-08 01:00:00,22.45,0.0,2.6,81.5,0.0,0.0,0.06,48.77,605805.0,0.0,0
2022-09-08 02:00:00,22.275,0.0,2.475,82.75,0.0,0.0,0.06,41.39,573451.0,0.0,0
2022-09-08 03:00:00,22.075,0.0,2.65,83.5,0.0,0.0,0.06,37.24,551547.0,0.0,0
2022-09-08 04:00:00,21.775,0.0,2.675,84.0,0.0,0.0,0.06,25.67,536720.0,0.0,0
2022-09-08 05:00:00,21.325,0.0,2.55,85.5,0.0,0.0,0.06,19.21,533490.0,0.0,0
2022-09-08 06:00:00,20.875,0.0,2.575,85.75,0.0,0.0,4.42,11.59,547204.0,0.0,0
2022-09-08 07:00:00,21.725,0.0,2.45,79.0,0.325,0.065,45.92,10.71,572299.0,0.0,0
2022-09-08 08:00:00,23.7,0.0,2.35,73.75,1.0,0.6,113.76,17.18,593600.0,0.0,0
2022-09-08 09:00:00,25.425,0.0,3.35,66.0,1.0,1.325,172.69,17.85,611423.0,0.0,0
2022-09-08 10:00:00,26.175,0.0,3.65,65.5,1.0,2.025,191.77,23.85,622388.0,0.0,0
2022-09-08 11:00:00,25.825,0.0,4.3,68.5,1.0,2.515,221.0,28.26,623262.0,0.0,0
2022-09-08 12:00:00,25.925,0.0,4.6,66.5,0.925,2.32,180.81,32.54,613470.0,0.0,0
2022-09-08 13:00:00,26.575,0.0,4.425,58.5,0.875,2.87,234.39,37.69,626250.0,0.0,0
2022-09-08 14:00:00,26.525,0.0,4.875,57.25,0.95,3.105,223.78,37.86,595049.0,5.7,1
2022-09-08 15:00:00,26.825,0.0,4.725,55.75,0.975,2.765,178.89,28.92,607993.0,3.9,1
2022-09-08 16:00:00,26.65,0.0,4.45,54.75,1.0,2.15,115.32,31.35,638710.0,0.0,0
2022-09-08 17:00:00,26.05,0.0,3.2,56.5,0.975,1.335,54.27,28.69,684954.0,0.0,0
2022-09-08 18:00:00,25.1,0.0,3.8,60.0,0.925,0.73,11.62,26.86,727893.0,0.0,0
2022-09-08 19:00:00,23.7,0.0,3.175,66.5,0.25,0.105,7.75,28.39,757382.0,0.0,0
2022-09-08 20:00:00,22.95,0.0,2.625,63.75,0.0,0.0,7.13,29.71,766487.0,0.0,0
2022-09-08 21:00:00,22.6,0.0,2.45,65.25,0.0,0.0,4.52,20.84,744208.0,0.0,0
2022-09-08 22:00:00,22.6,0.0,2.5,64.75,0.0,0.0,1.21,31.08,710616.0,0.0,0
2022-09-08 23:00:00,22.45,0.0,3.0,73.5,0.0,0.0,0.16,32.6,679693.0,0.0,0
2022-09-09 00:00:00,22.25,0.0,2.775,77.25,0.0,0.0,0.0,21.55,653893.0,0.0,0
2022-09-09 01:00:00,22.1,0.0,2.7,79.0,0.0,0.0,0.06,18.97,606728.0,0.0,0
2022-09-09 02:00:00,22.1,0.0,2.4,77.25,0.0,0.0,0.06,18.56,575290.0,0.0,0
2022-09-09 03:00:00,22.3,0.0,2.325,77.25,0.0,0.0,0.06,21.08,549657.0,0.0,0
2022-09-09 04:00:00,22.35,0.0,2.875,77.5,0.0,0.0,0.06,23.17,536652.0,0.0,0
2022-09-09 05:00:00,21.925,0.0,2.65,79.25,0.0,0.0,0.06,23.88,533735.0,0.0,0
2022-09-09 06:00:00,21.675,0.0,2.4,76.5,0.0,0.0,3.35,26.27,543458.0,0.0,0
2022-09-09 07:00:00,21.3,0.0,2.7,76.0,0.1,0.06,48.85,22.93,555922.0,0.0,0
2022-09-09 08:00:00,23.55,0.0,2.675,69.0,0.825,0.675,100.24,24.42,542458.0,0.0,0
2022-09-09 09:00:00,24.7,0.0,3.575,66.75,0.825,1.045,161.16,41.0,533119.0,0.0,0
2022-09-09 10:00:00,25.45,0.0,4.375,66.75,0.875,1.8,170.24,51.89,520685.0,0.0,0
2022-09-09 11:00:00,25.7,0.0,4.475,67.5,0.925,2.335,190.79,46.46,542725.0,0.0,0
2022-09-09 12:00:00,25.8,0.0,4.575,66.0,0.8,2.475,131.05,46.55,531160.0,6.5,1
2022-09-09 13:00:00,26.0,0.0,3.725,67.0,0.525,2.405,121.54,53.46,578969.0,0.0,0
2022-09-09 14:00:00,25.95,0.0,3.55,69.25,0.6,2.67,127.3,54.44,584314.0,0.0,0
2022-09-09 15:00:00,25.525,0.0,4.275,73.5,0.575,1.855,81.12,40.93,592399.0,0.0,0
2022-09-09 16:00:00,25.85,0.0,4.05,72.5,0.4,1.345,73.89,35.95,633083.0,0.0,0
2022-09-09 17:00:00,25.25,0.0,3.95,73.0,0.55,1.03,36.8,37.19,640181.0,0.0,0
2022-09-09 18:00:00,25.075,0.0,3.05,73.75,0.425,0.58,14.08,36.11,684465.0,0.0,0
2022-09-09 19:00:00,24.125,0.0,2.9,75.75,0.15,0.09,7.21,58.49,711870.0,0.0,0
2022-09-09 20:00:00,23.35,0.0,2.925,78.75,0.0,0.0,6.26,44.31,725420.0,0.0,0
2022-09-09 21:00:00,23.325,0.0,2.6,79.5,0.0,0.0,3.57,45.24,713762.0,0.0,0
2022-09-09 22:00:00,23.375,0.0,3.675,77.0,0.0,0.0,1.12,51.93,687530.0,0.0,0
2022-09-09 23:00:00,22.95,0.0,2.75,79.0,0.0,0.0,0.17,51.57,657307.0,0.0,0
2022-09-10 00:00:00,22.75,0.0,2.9,78.75,0.0,0.0,0.0,44.88,626712.0,0.0,0
2022-09-10 01:00:00,22.8,0.0,2.9,78.25,0.0,0.0,0.06,49.54,587181.0,0.0,0
2022-09-10 02:00:00,22.6,0.0,2.375,80.75,0.0,0.0,0.06,52.41,553086.0,0.0,0
2022-09-10 03:00:00,22.85,0.0,2.425,79.75,0.0,0.0,0.06,59.4,530923.0,0.0,0
2022-09-10 04:00:00,23.1,0.0,3.725,82.0,0.0,0.0,0.05,69.02,518133.0,0.0,0
2022-09-10 05:00:00,22.75,0.2,3.55,85.0,0.0,0.0,0.06,62.09,512758.0,0.0,0
2022-09-10 06:00:00,22.825,0.0,3.9,86.75,0.0,0.0,1.9,58.37,523147.0,0.0,0
2022-09-10 07:00:00,22.975,0.0,3.825,84.25,0.0,0.015,17.06,62.08,548765.0,0.0,0
2022-09-10 08:00:00,23.5,0.0,4.1,84.0,0.15,0.265,48.66,78.65,564617.0,0.0,0
2022-09-10 09:00:00,24.325,0.0,3.425,80.25,0.275,0.595,78.41,71.24,555644.0,0.0,0
2022-09-10 10:00:00,25.375,0.0,4.225,77.5,0.45,1.015,108.19,54.74,538785.0,0.3,1
2022-09-10 11:00:00,25.4,0.0,4.525,76.5,0.375,1.545,90.11,50.13,515890.0,28.4,1
2022-09-10 12:00:00,26.075,0.0,4.325,75.75,0.275,1.24,92.54,53.92,543817.0,24.1,1
2022-09-10 13:00:00,25.9,0.0,4.25,77.5,0.35,2.075,121.72,54.1,539482.0,16.7,1
2022-09-10 14:00:00,27.6,0.0,4.725,73.5,0.675,2.455,108.85,51.8,514765.0,50.3,1
2022-09-10 15:00:00,26.65,0.0,4.7,78.0,0.575,1.89,85.2,45.26,537117.0,53.8,1
2022-09-10 16:00:00,26.025,0.0,3.85,80.25,0.45,1.08,45.29,58.68,567850.0,24.8,1
2022-09-10 17:00:00,25.4,0.0,3.8,83.75,0.225,0.525,16.64,58.78,620502.0,0.0,0
2022-09-10 18:00:00,24.825,0.0,3.4,86.5,0.05,0.165,6.75,72.17,661884.0,0.0,0
2022-09-10 19:00:00,24.2,0.05,3.675,88.75,0.025,0.05,6.62,103.28,688567.0,0.0,0
2022-09-10 20:00:00,23.925,0.0,4.35,89.0,0.0,0.0,3.84,91.89,707681.0,0.0,0
2022-09-10 21:00:00,23.7,0.0,3.2,88.5,0.0,0.0,2.1,67.3,701938.0,0.0,0
2022-09-10 22:00:00,23.75,0.0,3.2,86.5,0.0,0.0,0.72,55.19,681365.0,0.0,0
2022-09-10 23:00:00,23.725,0.0,2.525,88.0,0.0,0.0,0.0,52.51,652878.0,0.0,0
2022-09-11 00:00:00,23.525,0.1,2.55,89.5,0.0,0.0,0.0,49.7,627218.0,0.0,0
2022-09-18 01:00:00,25.525,0.0,4.275,81.5,0.0,0.0,0.05,71.88,650554.0,0.0,0
2022-09-18 02:00:00,25.425,0.0,3.925,83.75,0.0,0.0,0.0,80.83,613591.0,0.0,0
2022-09-18 03:00:00,25.675,0.0,4.05,83.5,0.0,0.0,0.0,98.26,586506.0,0.0,0
2022-09-18 04:00:00,25.8,0.0,4.5,83.0,0.0,0.0,0.02,96.79,570974.0,0.0,0
2022-09-18 05:00:00,25.8,0.0,5.1,82.5,0.0,0.0,0.01,100.23,567236.0,0.0,0
2022-09-18 06:00:00,25.975,0.0,4.2,82.0,0.0,0.0,3.32,87.99,578365.0,0.0,0
2022-09-18 07:00:00,26.15,0.0,3.95,81.0,0.15,0.04,32.28,94.54,590876.0,0.0,0
2022-09-18 08:00:00,26.775,0.0,4.675,78.0,0.475,0.295,96.52,99.05,599192.0,0.0,0
2022-09-18 09:00:00,27.65,0.0,5.225,75.25,0.575,0.7,151.58,95.69,598922.0,0.0,0
2022-09-18 10:00:00,28.525,0.0,4.85,72.25,0.875,1.485,184.85,85.53,605851.0,0.5,1
2022-09-18 11:00:00,28.8,0.0,5.3,71.25,0.975,2.235,219.05,42.1,616659.0,20.8,1
2022-09-18 12:00:00,29.25,0.0,5.625,69.5,0.95,2.85,226.8,24.57,606371.0,63.3,1
2022-09-18 13:00:00,29.65,0.0,6.9,68.5,1.0,2.87,166.31,88.59,618143.0,74.2,1
2022-09-18 14:00:00,29.325,0.0,4.55,69.75,0.7,2.28,114.11,158.16,675184.0,25.1,1
2022-09-18 15:00:00,29.375,0.0,5.875,69.0,0.35,1.78,80.73,155.15,718912.0,1.2,1
2022-09-18 16:00:00,28.825,0.0,5.425,72.75,0.2,1.21,48.23,138.11,747409.0,0.0,0
2022-09-18 17:00:00,28.325,0.0,5.225,74.75,0.075,0.72,24.08,116.93,781478.0,0.0,0
2022-09-18 18:00:00,27.675,0.0,5.8,77.75,0.0,0.27,7.33,138.93,814463.0,0.0,0
2022-09-18 19:00:00,27.3,0.0,4.675,79.25,0.0,0.04,6.99,154.33,845655.0,0.0,0
2022-09-18 20:00:00,27.025,0.0,6.15,79.25,0.0,0.0,6.49,176.83,859440.0,0.0,0
2022-09-18 21:00:00,26.85,0.0,7.25,79.25,0.0,0.0,3.94,189.64,835634.0,0.0,0
2022-09-18 22:00:00,26.775,0.0,6.675,78.5,0.0,0.0,1.18,191.36,793820.0,0.0,0
2022-09-18 23:00:00,26.35,0.0,6.625,80.25,0.0,0.0,0.16,197.86,741902.0,0.0,0
2022-09-19 00:00:00,25.5,0.0,7.75,84.5,0.0,0.0,0.04,205.01,700175.0,0.0,0
2022-09-19 01:00:00,25.8,0.0,6.925,83.0,0.0,0.0,0.1,204.69,646772.0,0.0,0
2022-09-19 02:00:00,25.975,0.0,8.0,82.25,0.0,0.0,0.05,197.09,609763.0,0.0,0
2022-09-19 03:00:00,25.975,0.0,8.55,81.0,0.0,0.0,0.04,206.03,584804.0,0.0,0
2022-09-19 04:00:00,25.75,0.0,8.6,80.5,0.0,0.0,0.02,198.92,569976.0,0.0,0
2022-09-19 05:00:00,25.4,0.0,8.3,81.0,0.0,0.0,0.03,198.68,566580.0,0.0,0
2022-09-19 06:00:00,25.175,0.0,7.8,81.25,0.0,0.0,2.99,198.44,578725.0,0.0,0
2022-09-19 07:00:00,25.025,0.0,9.225,80.75,0.1,0.045,22.27,193.18,607199.0,0.0,0
2022-09-19 08:00:00,25.3,0.0,8.375,78.5,0.425,0.31,84.23,203.48,659220.0,0.0,0
2022-09-19 09:00:00,26.825,0.0,8.425,72.0,0.775,0.945,135.97,205.55,697720.0,0.0,0
2022-09-19 10:00:00,26.55,0.0,8.85,73.25,0.6,1.12,161.22,198.32,718265.0,0.0,0
2022-09-19 11:00:00,27.275,0.0,8.125,70.25,0.875,2.03,177.8,189.06,715996.0,0.0,0
2022-09-19 12:00:00,26.7,0.0,9.1,72.0,0.875,2.4,203.28,143.64,703259.0,14.0,1
2022-09-19 13:00:00,27.875,0.0,7.475,66.0,0.85,2.4,215.81,133.28,681612.0,65.7,1
2022-09-19 14:00:00,27.8,0.0,7.525,66.0,0.925,2.635,198.73,148.79,682953.0,64.0,1
2022-09-19 15:00:00,27.9,0.0,6.9,65.5,0.9,2.26,152.29,175.84,702266.0,36.1,1
2022-09-19 16:00:00,27.375,0.0,8.275,65.75,0.975,1.89,101.84,175.29,734934.0,0.0,0
2022-09-19 17:00:00,26.625,0.0,7.5,63.25,0.975,1.215,41.0,194.49,761596.0,0.0,0
2022-09-19 18:00:00,25.1,0.0,7.15,63.0,0.975,0.535,7.05,198.22,797503.0,0.0,0
2022-09-19 19:00:00,24.125,0.0,6.425,65.75,0.1,0.04,6.99,218.67,809476.0,0.0,0
2022-09-19 20:00:00,23.75,0.0,5.55,65.5,0.0,0.0,5.91,215.44,808883.0,0.0,0
2022-09-19 21:00:00,23.6,0.0,6.475,64.0,0.0,0.0,3.67,202.46,778336.0,0.0,0
2022-09-19 22:00:00,22.85,0.0,5.225,67.75,0.0,0.0,0.74,183.74,737353.0,0.0,0
2022-09-19 23:00:00,22.6,0.0,5.2,67.0,0.0,0.0,0.16,176.25,696574.0,0.0,0
2022-09-20 00:00:00,22.1,0.0,4.475,66.0,0.0,0.0,0.0,157.16,660875.0,0.0,0
2022-09-24 01:00:00,19.225,0.0,4.625,67.5,0.0,0.0,0.06,158.66,599831.0,0.0,0
2022-09-24 02:00:00,19.125,0.0,4.8,68.5,0.0,0.0,0.06,158.73,567066.0,0.0,0
2022-09-24 03:00:00,19.15,0.0,4.5,67.5,0.0,0.0,0.06,158.28,542664.0,0.0,0
2022-09-24 04:00:00,18.575,0.0,4.1,69.25,0.0,0.0,0.05,159.51,528436.0,0.0,0
2022-09-24 05:00:00,18.65,0.0,4.55,67.75,0.0,0.0,0.05,176.34,526155.0,0.0,0
2022-09-24 06:00:00,18.65,0.0,4.3,68.75,0.0,0.0,2.83,169.77,540219.0,0.0,0
2022-09-24 07:00:00,18.525,0.0,3.8,70.0,0.0,0.025,36.65,162.4,559096.0,0.0,0
2022-09-24 08:00:00,19.55,0.0,3.2,67.0,0.55,0.4,113.82,145.39,560273.0,0.0,0
2022-09-24 09:00:00,21.025,0.0,4.175,59.5,1.0,1.365,180.98,72.31,533432.0,6.5,1
2022-09-24 10:00:00,21.375,0.0,5.075,57.25,0.975,2.085,216.18,22.26,513331.0,94.2,1
2022-09-24 11:00:00,21.875,0.0,4.325,54.75,0.875,2.16,246.72,10.13,499099.0,125.2,1
2022-09-24 12:00:00,22.1,0.0,5.15,55.5,1.0,2.925,261.53,9.01,472428.0,133.2,1
2022-09-24 13:00:00,22.525,0.0,5.55,55.0,1.0,3.06,249.87,6.9,460430.0,133.2,1
2022-09-24 14:00:00,22.875,0.0,5.1,53.0,1.0,2.98,190.94,26.18,472061.0,133.2,1
2022-09-24 15:00:00,22.45,0.0,4.35,52.25,0.7,1.885,89.94,45.34,528721.0,64.0,1
2022-09-24 16:00:00,21.95,0.0,3.425,55.0,0.175,1.04,48.82,31.69,611530.0,0.0,0
2022-09-24 17:00:00,21.95,0.0,2.55,55.75,0.0,0.69,23.04,39.4,641472.0,0.0,0
2022-09-24 18:00:00,21.525,0.0,2.0,56.5,0.025,0.295,5.85,57.67,676780.0,0.0,0
2022-09-24 19:00:00,21.075,0.0,2.125,56.5,0.0,0.01,7.32,71.42,715859.0,0.0,0
2022-09-24 20:00:00,20.7,0.0,2.4,59.25,0.0,0.0,6.76,67.49,719926.0,0.0,0
2022-09-24 21:00:00,20.5,0.0,2.9,60.25,0.0,0.0,4.22,56.8,705175.0,0.0,0
2022-09-24 22:00:00,20.45,0.0,2.275,60.5,0.0,0.0,1.18,46.43,679859.0,0.0,0
2022-09-24 23:00:00,20.325,0.0,1.975,61.25,0.0,0.0,0.15,42.42,649922.0,0.0,0
2022-09-25 00:00:00,20.025,0.0,2.425,62.75,0.0,0.0,0.0,27.04,625287.0,0.0,0
2022-10-05 01:00:00,18.825,0.0,5.325,74.5,0.0,0.0,0.06,162.77,584738.0,0.0,0
2022-10-05 02:00:00,18.675,0.0,4.8,74.25,0.0,0.0,0.03,169.28,553335.0,0.0,0
2022-10-05 03:00:00,18.65,0.0,4.725,74.0,0.0,0.0,0.0,164.23,531633.0,0.0,0
2022-10-05 04:00:00,18.425,0.0,3.8,74.5,0.0,0.0,0.0,160.28,521354.0,0.0,0
2022-10-05 05:00:00,18.45,0.0,3.65,74.75,0.0,0.0,0.01,172.73,518266.0,0.0,0
2022-10-05 06:00:00,18.425,0.0,4.25,73.0,0.0,0.0,0.71,127.05,535100.0,0.0,0
2022-10-05 07:00:00,18.5,0.0,4.025,72.75,0.0,0.01,22.72,124.96,565686.0,0.0,0
2022-10-05 08:00:00,18.9,0.0,4.0,72.25,0.2,0.32,66.43,148.57,600600.0,0.0,0
2022-10-05 09:00:00,19.2,0.0,4.475,69.75,0.375,0.76,145.75,131.78,624076.0,0.0,0
2022-10-05 10:00:00,20.2,0.0,4.725,65.25,0.65,1.47,213.12,30.74,592792.0,55.3,1
2022-10-05 11:00:00,21.15,0.0,4.5,63.25,0.95,2.47,239.43,18.88,549902.0,125.7,1
2022-10-05 12:00:00,21.125,0.0,4.75,62.75,0.975,2.68,241.36,13.56,526476.0,121.7,1
2022-10-05 13:00:00,21.05,0.0,4.725,61.175,0.85,2.785,196.28,63.3,515333.0,124.0,1
2022-10-05 14:00:00,20.95,0.0,4.925,61.75,0.95,2.26,179.5,92.48,570383.0,44.3,1
2022-10-05 15:00:00,21.125,0.0,4.875,60.25,0.825,2.25,155.07,80.25,581260.0,0.0,0
2022-10-05 16:00:00,20.75,0.0,4.175,61.5,0.875,1.59,86.32,60.44,604080.0,0.0,0
2022-10-05 17:00:00,20.225,0.0,3.925,63.25,0.875,0.695,17.85,74.62,660904.0,0.0,0
2022-10-05 18:00:00,19.125,0.0,3.7,67.5,0.275,0.185,4.94,85.2,717836.0,0.0,0
2022-10-05 19:00:00,18.925,0.0,3.425,67.25,0.0,0.0,7.63,103.39,747441.0,0.0,0
2022-10-05 20:00:00,18.925,0.0,3.4,68.0,0.0,0.0,7.15,88.39,738432.0,0.0,0
2022-10-05 21:00:00,18.85,0.0,4.25,69.0,0.0,0.0,4.33,91.29,717609.0,0.0,0
2022-10-05 22:00:00,18.15,0.075,3.375,77.0,0.0,0.0,0.82,73.2,689353.0,0.0,0
2022-10-05 23:00:00,17.575,0.175,3.625,79.75,0.0,0.0,0.0,92.51,657171.0,0.0,0
2022-10-06 00:00:00,17.025,0.075,3.7,75.75,0.0,0.0,0.0,95.31,577969.0,0.0,0
2022-10-07 01:00:00,16.425,0.033,3.9,72.5,0.0,0.0,0.06,85.8,578811.0,0.0,0
2022-10-07 02:00:00,16.25,0.0,4.2,78.5,0.0,0.0,0.04,148.38,547110.0,0.0,0
2022-10-07 03:00:00,16.325,0.1,4.875,75.5,0.0,0.0,0.0,192.56,526457.0,0.0,0
2022-10-07 04:00:00,15.825,0.0,4.975,77.5,0.0,0.0,0.02,168.65,518308.0,17.0,1
2022-10-07 05:00:00,15.325,0.133,4.675,78.25,0.0,0.0,0.05,175.06,515777.0,23.4,1
2022-10-07 06:00:00,15.475,0.0,3.95,74.0,0.0,0.0,0.38,152.04,530596.0,0.0,0
2022-10-07 07:00:00,15.775,0.0,4.7,72.5,0.0,0.0,8.44,118.65,562347.0,0.0,0
2022-10-07 08:00:00,16.575,0.0,4.8,70.0,0.0,0.175,26.57,134.27,609598.0,0.0,0
2022-10-07 09:00:00,17.325,0.0,4.775,69.25,0.0,0.375,40.65,126.72,648395.0,0.0,0
2022-10-07 10:00:00,17.775,0.0,5.35,67.25,0.0,0.495,59.4,100.69,667532.0,0.0,0
2022-10-07 11:00:00,18.125,0.0,5.175,64.75,0.025,0.835,86.33,105.1,656555.0,0.0,0
2022-10-07 12:00:00,18.75,0.0,5.275,61.5,0.225,1.28,215.5,49.23,627140.0,0.0,0
2022-10-07 13:00:00,19.375,0.0,6.35,56.5,0.425,2.295,251.75,21.81,511051.0,95.8,1
2022-10-07 14:00:00,19.475,0.0,5.325,53.0,0.95,2.665,226.78,48.37,492982.0,111.4,1
2022-10-07 15:00:00,19.65,0.0,6.0,54.25,0.975,2.245,177.0,89.25,511241.0,103.0,1
2022-10-07 16:00:00,19.25,0.0,6.125,53.25,1.0,1.73,97.32,150.89,548647.0,76.0,1
2022-10-07 17:00:00,18.325,0.0,5.65,55.5,0.925,0.955,20.34,171.18,622972.0,5.7,1
2022-10-07 18:00:00,17.625,0.0,4.55,57.5,0.15,0.19,4.86,153.53,692129.0,0.0,0
2022-10-07 19:00:00,17.225,0.0,4.125,57.25,0.0,0.0,7.32,159.97,722931.0,0.0,0
2022-10-07 20:00:00,17.325,0.0,3.925,59.25,0.0,0.0,6.59,122.47,717125.0,0.0,0
2022-10-07 21:00:00,17.15,0.0,3.3,57.0,0.0,0.0,4.27,95.35,701648.0,0.0,0
2022-10-07 22:00:00,17.1,0.0,3.5,62.25,0.0,0.0,1.09,89.7,675100.0,0.0,0
2022-10-07 23:00:00,17.025,0.0,2.55,63.75,0.0,0.0,0.0,55.99,649194.0,0.0,0
2022-10-08 00:00:00,16.8,0.0,2.65,65.25,0.0,0.0,0.0,44.6,627393.0,0.0,0
2022-10-10 01:00:00,16.9,0.0,7.6,62.0,0.0,0.0,0.0,166.99,575130.0,0.0,0
2022-10-10 02:00:00,16.525,0.0,7.0,63.75,0.0,0.0,0.0,171.9,539516.0,0.0,0
2022-10-10 03:00:00,16.6,0.0,7.55,58.75,0.0,0.0,0.0,204.51,519220.0,0.0,0
2022-10-10 04:00:00,16.425,0.0,7.325,60.5,0.0,0.0,0.01,190.2,506348.0,11.4,1
2022-10-10 05:00:00,16.35,0.0,7.15,61.0,0.0,0.0,0.0,210.23,507238.0,13.4,1
2022-10-10 06:00:00,16.075,0.0,7.425,63.75,0.0,0.0,0.17,193.16,521563.0,24.3,1
2022-10-10 07:00:00,15.675,0.0,7.175,60.75,0.0,0.005,30.23,173.68,541137.0,3.8,1
2022-10-10 08:00:00,16.125,0.0,6.975,54.75,0.625,0.405,98.44,133.1,546667.0,0.4,1
2022-10-10 09:00:00,16.875,0.0,7.2,55.0,0.675,0.705,142.71,100.78,531541.0,29.0,1
2022-10-10 10:00:00,17.15,0.0,8.325,58.5,0.625,1.05,159.62,48.13,525142.0,91.8,1
2022-10-10 11:00:00,17.25,0.0,6.6,55.75,0.8,1.865,171.86,35.53,504076.0,132.5,1
2022-10-10 12:00:00,16.3,0.0,6.75,63.5,0.65,1.76,176.01,26.58,503514.0,132.6,1
2022-10-10 13:00:00,17.025,0.15,6.2,60.75,0.675,2.235,180.31,26.84,484208.0,146.1,1
2022-10-10 14:00:00,17.05,0.1,7.25,60.0,0.725,1.575,127.55,90.82,506927.0,134.1,1
2022-10-10 15:00:00,15.525,0.633,7.1,68.5,0.475,1.035,114.28,106.88,546719.0,57.8,1
2022-10-10 16:00:00,15.9,0.2,6.25,66.5,0.65,0.92,48.91,135.97,551484.0,27.4,1
2022-10-10 17:00:00,15.05,0.025,7.05,72.0,0.425,0.39,11.82,137.88,613222.0,0.0,0
2022-10-10 18:00:00,14.85,0.0,7.65,68.75,0.125,0.085,4.78,142.12,666774.0,0.0,0
2022-10-10 19:00:00,14.925,0.0,7.75,67.0,0.0,0.005,6.9,190.49,702574.0,0.0,0
2022-10-10 20:00:00,15.0,0.0,7.875,62.75,0.0,0.0,6.37,204.49,702720.0,0.0,0
2022-10-10 21:00:00,15.125,0.0,7.475,57.75,0.0,0.0,3.11,187.65,685572.0,0.0,0
2022-10-10 22:00:00,15.2,0.0,6.8,58.5,0.0,0.0,0.53,150.21,664374.0,0.0,0
2022-10-10 23:00:00,15.075,0.0,6.75,64.25,0.0,0.0,0.0,155.99,641259.0,0.0,0
2022-10-11 00:00:00,15.475,0.0,7.375,58.5,0.0,0.0,0.0,153.82,615425.0,0.0,0
2022-10-11 01:00:00,15.575,0.0,7.925,58.25,0.0,0.0,0.18,156.89,573432.0,0.0,0
2022-10-11 02:00:00,15.65,0.0,7.85,59.0,0.0,0.0,0.18,179.8,544020.0,0.0,0
2022-10-11 03:00:00,15.5,0.0,7.55,61.0,0.0,0.0,0.18,203.21,522393.0,0.0,0
2022-10-11 04:00:00,14.975,0.0,7.175,66.75,0.0,0.0,0.08,216.33,510648.0,0.0,0
2022-10-11 05:00:00,15.2,0.0,7.975,69.25,0.0,0.0,0.05,223.83,512694.0,0.0,0
2022-10-11 06:00:00,15.425,0.0,6.3,66.75,0.0,0.0,0.63,215.25,529710.0,0.0,0
2022-10-11 07:00:00,15.625,0.0,5.675,68.0,0.025,0.01,12.26,185.96,562476.0,0.0,0
2022-10-11 08:00:00,15.725,0.0,4.775,66.75,0.0,0.15,38.66,159.43,606196.0,0.0,0
2022-10-11 09:00:00,16.15,0.0,4.85,62.75,0.075,0.4,108.95,143.31,634289.0,0.0,0
2022-10-11 10:00:00,16.425,0.0,4.5,60.0,0.425,0.71,178.19,88.72,605044.0,0.0,0
2022-10-11 11:00:00,17.45,0.0,4.475,57.5,0.725,1.53,235.54,16.7,559059.0,54.1,1
2022-10-11 12:00:00,17.825,0.0,4.475,57.5,0.925,2.325,249.77,10.61,502180.0,129.7,1
2022-10-11 13:00:00,18.5,0.0,4.3,55.75,0.925,2.335,248.26,11.91,477300.0,130.0,1
2022-10-11 14:00:00,18.65,0.0,5.05,55.25,0.95,2.34,217.79,37.84,490816.0,130.0,1
2022-10-11 15:00:00,18.5,0.0,5.375,56.75,0.9,2.0,165.22,119.64,518100.0,100.7,1
2022-10-11 16:00:00,18.45,0.0,4.775,57.0,0.95,1.53,95.17,166.14,554555.0,36.2,1
2022-10-11 17:00:00,18.0,0.0,4.625,57.5,0.925,0.925,23.54,165.57,617302.0,0.0,0
2022-10-11 18:00:00,17.0,0.0,3.875,62.25,0.5,0.22,4.92,182.37,688480.0,0.0,0
2022-10-11 19:00:00,16.325,0.0,4.225,67.25,0.0,0.0,7.46,177.4,728590.0,0.0,0
2022-10-11 20:00:00,15.975,0.0,4.5,66.75,0.0,0.0,7.16,142.41,727277.0,0.0,0
2022-10-11 21:00:00,15.95,0.0,3.775,67.5,0.0,0.0,4.37,97.78,713990.0,0.0,0
2022-10-11 22:00:00,15.525,0.0,3.875,69.0,0.0,0.0,1.2,70.43,684588.0,0.0,0
2022-10-11 23:00:00,15.0,0.0,3.45,72.0,0.0,0.0,0.11,60.93,659501.0,0.0,0
2022-10-12 00:00:00,14.475,0.0,3.1,75.75,0.0,0.0,0.0,43.08,558572.0,0.0,0
2022-10-12 01:00:00,14.475,0.0,2.15,74.5,0.0,0.0,0.18,51.41,590907.0,0.0,0
2022-10-12 02:00:00,14.5,0.0,2.9,74.0,0.0,0.0,0.18,65.13,556344.0,0.0,0
2022-10-12 03:00:00,14.0,0.0,2.425,74.0,0.0,0.0,0.18,63.06,534718.0,0.0,0
2022-10-12 04:00:00,13.5,0.0,2.825,76.25,0.0,0.0,0.11,42.8,522511.0,0.0,0
2022-10-12 05:00:00,13.425,0.0,2.65,72.75,0.0,0.0,0.05,46.32,525646.0,0.0,0
2022-10-12 06:00:00,13.5,0.0,3.0,74.25,0.0,0.0,1.13,37.94,542214.0,0.0,0
2022-10-12 07:00:00,14.325,0.0,2.45,74.25,0.025,0.02,34.78,32.13,573179.0,0.0,0
2022-10-12 08:00:00,15.4,0.0,2.625,72.5,0.8,0.44,116.04,24.13,589926.0,0.0,0
2022-10-12 09:00:00,18.125,0.0,3.35,64.25,0.95,1.175,187.39,36.83,569193.0,0.0,0
2022-10-12 10:00:00,18.675,0.0,4.25,59.75,0.85,1.465,233.62,39.77,539851.0,0.0,0
2022-10-12 11:00:00,19.5,0.0,4.775,61.5,0.95,2.26,254.13,17.7,509019.0,2.2,1
2022-10-12 12:00:00,19.925,0.0,4.85,58.5,0.975,2.73,253.62,6.44,488069.0,37.6,1
2022-10-12 13:00:00,19.9,0.0,4.95,58.5,0.975,2.81,251.25,5.67,473331.0,53.5,1
2022-10-12 14:00:00,20.05,0.0,4.725,57.5,0.975,2.61,211.74,14.82,489687.0,45.3,1
2022-10-12 15:00:00,20.1,0.0,4.775,54.5,0.9,2.2,156.01,34.09,522773.0,20.1,1
2022-10-12 16:00:00,19.9,0.0,4.55,57.5,0.9,1.595,84.99,37.53,564792.0,0.0,0
2022-10-12 17:00:00,19.725,0.0,3.45,63.5,0.925,0.885,22.34,39.66,629271.0,0.0,0
2022-10-12 18:00:00,18.7,0.0,3.325,67.25,0.525,0.2,4.91,64.64,692940.0,0.0,0
2022-10-12 19:00:00,18.6,0.0,2.975,71.25,0.0,0.01,7.58,75.97,731563.0,0.0,0
2022-10-12 20:00:00,19.175,0.0,3.875,70.75,0.0,0.0,7.17,71.24,732887.0,0.0,0
2022-10-12 21:00:00,19.0,0.0,3.525,72.0,0.0,0.0,4.47,70.7,717198.0,0.0,0
2022-10-12 22:00:00,19.45,0.0,4.325,69.5,0.0,0.0,1.27,62.52,686381.0,0.0,0
2022-10-12 23:00:00,19.45,0.0,4.425,67.0,0.0,0.0,0.15,62.58,663173.0,0.0,0
2022-10-13 00:00:00,19.375,0.0,4.5,63.75,0.0,0.0,0.0,71.5,637092.0,0.0,0
2022-10-13 01:00:00,19.15,0.0,4.325,65.75,0.0,0.0,0.18,65.38,592018.0,0.0,0
2022-10-13 02:00:00,19.0,0.0,3.725,70.5,0.0,0.0,0.18,76.51,561208.0,0.0,0
2022-10-13 03:00:00,18.575,0.0,4.1,72.25,0.0,0.0,0.18,82.36,537189.0,0.0,0
2022-10-13 04:00:00,18.65,0.0,4.725,73.0,0.0,0.0,0.13,83.3,524786.0,0.0,0
2022-10-13 05:00:00,18.3,0.0,4.15,74.75,0.0,0.0,0.05,92.6,529794.0,0.0,0
2022-10-13 06:00:00,18.175,0.0,4.325,76.0,0.0,0.0,0.92,84.13,545742.0,0.0,0
2022-10-13 07:00:00,18.275,0.0,4.2,75.75,0.0,0.005,28.42,98.79,576514.0,0.0,0
2022-10-13 08:00:00,19.075,0.0,4.225,74.0,0.65,0.275,85.97,98.98,598910.0,0.0,0
2022-10-13 09:00:00,20.05,0.0,4.7,69.0,0.575,0.705,160.95,92.44,602786.0,0.0,0
2022-10-13 10:00:00,20.975,0.0,4.7,65.75,0.775,1.4,190.76,86.51,573980.0,33.0,1
2022-10-13 11:00:00,20.9,0.0,6.2,65.0,0.775,1.975,201.1,73.87,554413.0,36.5,1
2022-10-13 12:00:00,21.175,0.0,6.475,62.75,0.775,2.055,209.64,54.21,542482.0,50.9,1
2022-10-13 13:00:00,21.525,0.0,5.65,61.25,0.75,2.09,199.3,43.18,527301.0,78.8,1
2022-10-13 14:00:00,21.55,0.0,4.925,61.5,0.7,1.895,175.64,66.46,547711.0,90.9,1
2022-10-13 15:00:00,21.55,0.0,5.45,62.25,0.75,1.54,123.89,108.02,568392.0,69.5,1
2022-10-13 16:00:00,21.05,0.0,5.2,64.25,0.625,1.14,72.14,111.52,600717.0,10.1,1
2022-10-13 17:00:00,20.8,0.0,5.525,65.5,0.625,0.715,19.58,93.54,647184.0,0.0,0
2022-10-13 18:00:00,20.0,0.0,4.75,67.75,0.65,0.215,4.43,99.52,702759.0,0.0,0
2022-10-13 19:00:00,19.55,0.0,4.3,68.0,0.0,0.0,6.9,86.84,735092.0,0.0,0
2022-10-13 20:00:00,19.275,0.0,3.525,68.0,0.0,0.0,5.33,67.48,732082.0,0.0,0
2022-10-13 21:00:00,19.125,0.0,4.575,69.25,0.0,0.0,3.14,62.98,714759.0,0.0,0
2022-10-13 22:00:00,18.725,0.0,3.575,70.25,0.0,0.0,1.18,44.64,687251.0,0.0,0
2022-10-13 23:00:00,19.15,0.0,4.075,70.75,0.0,0.0,0.04,66.51,659746.0,0.0,0
2022-10-14 00:00:00,18.45,0.0,3.725,71.0,0.0,0.0,0.0,47.59,639121.0,0.0,0
2022-10-15 01:00:00,18.05,0.0,1.775,75.75,0.0,0.0,0.18,11.05,596077.0,0.0,0
2022-10-15 02:00:00,18.1,0.0,1.8,80.5,0.0,0.0,0.18,10.19,563894.0,0.0,0
2022-10-15 03:00:00,18.125,0.0,1.775,81.75,0.0,0.0,0.18,15.03,542335.0,0.0,0
2022-10-15 04:00:00,18.375,0.0,2.35,82.0,0.0,0.0,0.13,20.93,529737.0,0.0,0
2022-10-15 05:00:00,18.2,0.0,3.025,81.25,0.0,0.0,0.05,39.85,528754.0,0.0,0
2022-10-15 06:00:00,18.25,0.0,2.65,81.5,0.0,0.0,0.57,36.35,546307.0,0.0,0
2022-10-15 07:00:00,18.225,0.0,3.1,81.25,0.025,0.005,26.56,48.4,564740.0,0.0,0
2022-10-15 08:00:00,19.35,0.0,3.25,75.75,0.6,0.26,105.07,47.59,569243.0,0.0,0
2022-10-15 09:00:00,20.675,0.0,4.125,68.75,0.775,0.85,178.43,42.95,546043.0,0.0,0
2022-10-15 10:00:00,21.75,0.0,4.2,63.0,0.95,1.575,223.68,7.53,518802.0,0.0,0
2022-10-15 11:00:00,21.875,0.0,4.225,63.25,0.95,2.12,241.11,3.79,490453.0,0.0,0
2022-10-15 12:00:00,22.575,0.0,4.6,61.0,1.0,2.62,228.74,3.63,474143.0,32.0,1
2022-10-15 13:00:00,22.4,0.0,4.6,62.0,0.875,2.7,223.8,2.8,468122.0,0.0,0
2022-10-15 14:00:00,22.425,0.0,4.4,62.25,0.825,2.515,197.0,4.11,483051.0,0.0,0
2022-10-15 15:00:00,22.475,0.0,3.4,62.5,0.85,1.98,146.29,19.35,507302.0,29.0,1
2022-10-15 16:00:00,22.225,0.0,3.125,64.75,0.7,1.295,82.44,19.63,547290.0,2.1,1
2022-10-15 17:00:00,21.225,0.0,3.5,68.0,0.775,0.73,18.76,14.56,608871.0,0.0,0
2022-10-15 18:00:00,20.025,0.0,3.15,73.5,0.6,0.2,4.87,26.02,679640.0,0.0,0
2022-10-15 19:00:00,19.15,0.0,2.225,76.5,0.0,0.0,7.46,22.26,719283.0,0.0,0
2022-10-15 20:00:00,18.9,0.0,1.9,79.0,0.0,0.0,7.12,20.89,713318.0,0.0,0
2022-10-15 21:00:00,19.25,0.0,2.575,79.25,0.0,0.0,4.42,15.14,697671.0,0.0,0
2022-10-15 22:00:00,19.125,0.0,1.7,80.25,0.0,0.0,1.29,11.61,676819.0,0.0,0
2022-10-15 23:00:00,19.625,0.0,1.9,79.0,0.0,0.0,0.15,9.84,652087.0,0.0,0
2022-10-16 00:00:00,19.45,0.0,2.225,80.25,0.0,0.0,0.0,9.26,632498.0,0.0,0
2022-10-17 01:00:00,18.1,0.0,4.375,76.25,0.0,0.0,0.14,73.54,578769.0,0.0,0
2022-10-17 02:00:00,17.7,0.0,3.375,75.75,0.0,0.0,0.12,98.21,551904.0,0.0,0
2022-10-17 03:00:00,17.325,0.0,3.225,77.5,0.0,0.0,0.12,153.32,530061.0,0.0,0
2022-10-17 04:00:00,17.3,0.0,4.1,77.25,0.0,0.0,0.09,176.97,515631.0,0.0,0
2022-10-17 05:00:00,17.5,0.0,4.1,80.75,0.0,0.0,0.0,187.51,519599.0,0.0,0
2022-10-17 06:00:00,17.775,0.0,4.175,79.75,0.0,0.0,0.21,206.3,539900.0,0.0,0
2022-10-17 07:00:00,17.825,0.0,5.5,79.5,0.0,0.0,11.49,214.48,571654.0,0.0,0
2022-10-17 08:00:00,18.05,0.0,5.325,76.25,0.1,0.115,61.37,220.15,614219.0,0.0,0
2022-10-17 09:00:00,18.3,0.0,5.525,69.25,0.35,0.43,109.89,186.56,623753.0,0.0,0
2022-10-17 10:00:00,18.7,0.0,5.2,63.25,0.4,0.985,148.59,103.13,609147.0,0.0,0
2022-10-17 11:00:00,19.075,0.0,4.775,64.0,0.55,1.945,158.41,58.43,580184.0,122.4,1
2022-10-17 12:00:00,19.275,0.0,6.05,59.5,0.45,2.11,194.03,25.18,566894.0,159.6,1
2022-10-17 13:00:00,19.275,0.0,6.25,50.75,0.7,2.235,243.31,12.61,521189.0,196.0,1
2022-10-17 14:00:00,19.05,0.0,7.3,49.0,1.0,2.48,224.51,13.44,505266.0,0.0,0
2022-10-17 15:00:00,18.425,0.0,7.2,47.25,1.0,2.11,174.33,43.18,526741.0,200.8,1
2022-10-17 16:00:00,17.675,0.0,7.2,48.0,1.0,1.55,93.65,152.68,556841.0,161.6,1
2022-10-17 17:00:00,16.75,0.0,7.325,50.5,0.95,0.845,18.25,211.21,620970.0,0.0,0
2022-10-17 18:00:00,15.775,0.0,6.975,53.25,0.5,0.14,4.87,227.9,702292.0,0.0,0
2022-10-17 19:00:00,15.05,0.0,6.925,50.75,0.0,0.0,7.27,204.55,737152.0,0.0,0
2022-10-17 20:00:00,14.775,0.0,6.9,54.0,0.0,0.0,6.87,190.1,736465.0,0.0,0
2022-10-17 21:00:00,14.4,0.0,6.85,54.75,0.0,0.0,4.09,206.24,716029.0,0.0,0
2022-10-17 22:00:00,14.375,0.0,6.275,53.0,0.0,0.0,1.14,202.92,692086.0,0.0,0
2022-10-17 23:00:00,14.125,0.0,6.85,53.0,0.0,0.0,0.16,207.68,665038.0,0.0,0
2022-10-18 00:00:00,13.725,0.0,6.9,53.25,0.0,0.0,0.0,193.54,643296.0,0.0,0
2022-10-18 01:00:00,13.4,0.0,6.2,56.25,0.0,0.0,0.18,191.23,599616.0,0.0,0
2022-10-18 02:00:00,13.3,0.0,6.825,57.25,0.0,0.0,0.18,178.82,565103.0,0.0,0
2022-10-18 03:00:00,13.2,0.0,5.925,58.75,0.0,0.0,0.18,171.7,544254.0,0.0,0
2022-10-18 04:00:00,13.05,0.0,6.2,59.75,0.0,0.0,0.09,169.53,534979.0,0.0,0
2022-10-18 05:00:00,12.8,0.0,6.3,61.25,0.0,0.0,0.05,187.4,534573.0,0.0,0
2022-10-18 06:00:00,12.525,0.0,6.375,62.0,0.0,0.0,0.9,195.5,549189.0,0.0,0
2022-10-18 07:00:00,12.475,0.0,6.65,61.75,0.025,0.005,32.3,187.67,583714.0,0.0,0
2022-10-18 08:00:00,13.425,0.0,5.975,58.75,0.725,0.275,117.18,146.16,604763.0,0.0,0
2022-10-18 09:00:00,14.625,0.0,6.825,53.0,0.85,0.91,194.18,38.06,582732.0,55.3,1
2022-10-18 10:00:00,15.275,0.0,6.075,53.0,1.0,1.805,243.12,7.61,541153.0,165.2,1
2022-10-18 11:00:00,15.9,0.0,6.175,49.25,1.0,2.33,257.19,5.08,504993.0,183.6,1
2022-10-18 12:00:00,16.275,0.0,6.075,49.75,0.975,2.515,237.73,4.87,489100.0,0.0,0
2022-10-18 13:00:00,16.85,0.0,6.275,46.25,0.95,2.56,235.12,6.67,472786.0,0.0,0
2022-10-18 14:00:00,16.8,0.0,7.0,46.0,1.0,2.51,229.69,11.88,491979.0,0.0,0
2022-10-18 15:00:00,16.7,0.0,6.775,46.0,1.0,2.085,171.39,51.53,505903.0,0.0,0
2022-10-18 16:00:00,16.375,0.0,5.95,46.25,0.975,1.52,90.6,159.15,547829.0,0.0,0
2022-10-18 17:00:00,15.75,0.0,6.325,48.75,0.95,0.835,18.0,199.52,619321.0,0.0,0
2022-10-18 18:00:00,14.875,0.0,5.5,49.75,0.575,0.165,4.88,217.54,697794.0,0.0,0
2022-10-18 19:00:00,14.55,0.0,5.575,53.0,0.0,0.0,7.7,212.66,736449.0,0.0,0
2022-10-18 20:00:00,14.025,0.0,5.05,53.75,0.0,0.0,6.94,203.32,742035.0,0.0,0
2022-10-18 21:00:00,13.625,0.0,5.25,56.75,0.0,0.0,4.13,194.78,718102.0,0.0,0
2022-10-18 22:00:00,13.375,0.0,5.275,56.5,0.0,0.0,1.2,179.17,694840.0,0.0,0
2022-10-18 23:00:00,13.175,0.0,4.775,58.0,0.0,0.0,0.16,181.43,668187.0,0.0,0
2022-10-19 00:00:00,13.125,0.0,5.05,58.0,0.0,0.0,0.0,177.27,643989.0,0.0,0
2022-10-19 01:00:00,12.9,0.0,4.525,59.25,0.0,0.0,0.18,178.18,596616.0,0.0,0
2022-10-19 02:00:00,12.85,0.0,4.675,59.25,0.0,0.0,0.18,183.82,564644.0,0.0,0
2022-10-19 03:00:00,12.825,0.0,4.875,60.5,0.0,0.0,0.18,175.73,542002.0,0.0,0
2022-10-19 04:00:00,12.875,0.0,4.225,61.5,0.0,0.0,0.11,184.44,529647.0,0.0,0
2022-10-19 05:00:00,12.9,0.0,4.55,62.25,0.0,0.0,0.05,193.71,533261.0,0.0,0
2022-10-19 06:00:00,12.8,0.0,5.425,62.25,0.0,0.0,0.88,130.04,554304.0,0.0,0
2022-10-19 07:00:00,12.9,0.0,4.8,62.5,0.05,0.005,33.29,113.57,588269.0,0.0,0
2022-10-19 08:00:00,13.975,0.0,4.375,60.25,0.75,0.33,118.44,118.65,606390.0,0.0,0
2022-10-19 09:00:00,15.3,0.0,4.425,56.25,0.925,0.91,196.88,50.99,575968.0,0.0,0
2022-10-19 10:00:00,16.15,0.0,4.6,52.75,0.95,1.695,245.01,16.03,538971.0,0.0,0
2022-10-19 11:00:00,16.325,0.0,5.45,51.25,0.975,2.245,258.3,6.59,504662.0,0.0,0
2022-10-19 12:00:00,16.925,0.0,5.025,51.75,1.0,2.64,243.5,6.66,487366.0,116.7,1
2022-10-19 13:00:00,17.15,0.0,4.825,46.75,1.0,2.725,245.67,4.35,470284.0,0.0,0
2022-10-19 14:00:00,17.275,0.0,4.625,46.25,1.0,2.55,234.95,8.87,489252.0,0.0,0
2022-10-19 15:00:00,17.575,0.0,4.7,47.0,1.0,2.16,175.25,44.95,510122.0,111.7,1
2022-10-19 16:00:00,17.375,0.0,4.15,49.25,1.0,1.58,91.58,92.75,553814.0,59.5,1
2022-10-19 17:00:00,16.95,0.0,3.975,47.5,0.95,0.84,17.41,79.88,627725.0,0.1,1
2022-10-19 18:00:00,15.825,0.0,3.05,51.75,0.575,0.17,4.88,86.88,702333.0,0.0,0
2022-10-19 19:00:00,15.025,0.0,3.15,56.0,0.0,0.0,7.55,76.94,740025.0,0.0,0
2022-10-19 20:00:00,14.3,0.0,2.2,60.75,0.0,0.0,6.89,52.11,735100.0,0.0,0
2022-10-19 21:00:00,13.725,0.0,2.575,62.25,0.0,0.0,4.14,36.62,718996.0,0.0,0
2022-10-19 22:00:00,13.275,0.0,2.725,65.25,0.0,0.0,1.23,23.23,695576.0,0.0,0
2022-10-19 23:00:00,13.075,0.0,2.9,66.75,0.0,0.0,0.16,24.14,669742.0,0.0,0
2022-10-20 00:00:00,13.175,0.0,2.95,64.25,0.0,0.0,0.0,19.64,647281.0,0.0,0
2022-10-20 01:00:00,13.275,0.0,2.675,65.25,0.0,0.0,0.18,23.39,601676.0,0.0,0
2022-10-20 02:00:00,13.25,0.0,2.55,65.75,0.0,0.0,0.18,24.13,568596.0,0.0,0
2022-10-20 03:00:00,12.975,0.0,2.85,67.25,0.0,0.0,0.18,24.87,547537.0,0.0,0
2022-10-20 04:00:00,12.825,0.0,2.8,68.75,0.0,0.0,0.13,28.41,537484.0,0.0,0
2022-10-20 05:00:00,12.8,0.0,2.825,69.0,0.0,0.0,0.05,45.66,536974.0,0.0,0
2022-10-20 06:00:00,12.9,0.0,2.9,70.5,0.0,0.0,0.69,39.51,556039.0,0.0,0
2022-10-20 07:00:00,13.175,0.0,3.175,70.5,0.025,0.005,31.62,36.86,589857.0,0.0,0
2022-10-20 08:00:00,14.55,0.0,2.9,67.25,0.85,0.36,118.67,20.45,607398.0,0.0,0
2022-10-20 09:00:00,17.4,0.0,2.975,57.25,1.0,1.045,194.11,19.23,581030.0,0.0,0
2022-10-20 10:00:00,18.425,0.0,3.45,53.0,1.0,1.755,236.62,15.68,540537.0,0.0,0
2022-10-20 11:00:00,19.025,0.0,3.85,52.5,1.0,2.305,257.35,4.77,509701.0,0.0,0
2022-10-20 12:00:00,19.4,0.0,3.675,52.0,1.0,2.605,242.79,3.65,491708.0,10.7,1
2022-10-20 13:00:00,19.825,0.0,3.85,53.75,1.0,2.675,229.63,5.01,480649.0,10.7,1
2022-10-20 14:00:00,19.75,0.0,3.5,55.0,1.0,2.475,213.54,6.03,504666.0,10.5,1
2022-10-20 15:00:00,19.7,0.0,3.65,56.5,1.0,2.08,160.4,7.64,524803.0,0.0,0
2022-10-20 16:00:00,19.15,0.0,3.55,58.0,1.0,1.49,81.45,8.0,570481.0,0.0,0
2022-10-20 17:00:00,18.675,0.0,3.1,61.25,0.95,0.755,15.36,3.77,638799.0,0.0,0
2022-10-20 18:00:00,17.4,0.0,2.15,66.75,0.55,0.15,4.87,11.75,704246.0,0.0,0
2022-10-20 19:00:00,16.55,0.0,2.05,70.0,0.0,0.0,7.54,7.76,736844.0,0.0,0
2022-10-20 20:00:00,15.925,0.0,2.1,72.75,0.0,0.0,6.9,5.59,732475.0,0.0,0
2022-10-20 21:00:00,15.675,0.0,2.075,74.75,0.0,0.0,4.13,3.91,718174.0,0.0,0
2022-10-20 22:00:00,15.5,0.0,2.7,76.0,0.0,0.0,1.23,2.95,692725.0,0.0,0
2022-10-20 23:00:00,15.425,0.0,2.6,75.5,0.0,0.0,0.16,3.88,666484.0,0.0,0
2022-10-21 00:00:00,15.475,0.0,3.0,75.0,0.0,0.0,0.0,3.22,624348.0,0.0,0
2022-10-23 01:00:00,17.55,0.0,4.175,80.0,0.0,0.0,0.13,145.3,589483.0,0.0,0
2022-10-23 02:00:00,17.1,0.0,3.925,80.5,0.0,0.0,0.12,148.03,556800.0,0.0,0
2022-10-23 03:00:00,17.025,0.0,4.65,79.0,0.0,0.0,0.12,161.2,535930.0,0.0,0
2022-10-23 04:00:00,16.85,0.0,4.225,78.25,0.0,0.0,0.1,159.11,524746.0,0.0,0
2022-10-23 05:00:00,16.85,0.0,3.625,80.5,0.0,0.0,0.0,147.63,525419.0,0.0,0
2022-10-23 06:00:00,16.675,0.0,3.5,79.75,0.0,0.0,0.32,151.49,538087.0,0.0,0
2022-10-23 07:00:00,16.65,0.0,3.85,79.0,0.0,0.0,22.92,165.81,555413.0,0.0,0
2022-10-23 08:00:00,17.5,0.0,3.725,74.5,0.4,0.195,82.86,165.26,555588.0,0.0,0
2022-10-23 09:00:00,18.875,0.0,3.775,70.75,0.8,0.62,150.42,85.13,539793.0,0.0,0
2022-10-23 10:00:00,19.525,0.0,4.975,69.5,0.875,1.25,194.03,57.89,504217.0,100.3,1
2022-10-23 11:00:00,19.525,0.0,5.175,66.0,0.8,1.5,230.79,15.83,476374.0,114.6,1
2022-10-23 12:00:00,19.675,0.0,5.0,60.0,1.0,2.34,246.53,11.73,442088.0,0.0,0
2022-10-23 13:00:00,19.825,0.0,6.025,58.0,1.0,2.555,237.16,12.86,429030.0,0.0,0
2022-10-23 14:00:00,19.725,0.0,6.175,56.5,1.0,2.4,213.57,20.33,438547.0,0.0,0
2022-10-23 15:00:00,19.1,0.0,6.55,59.75,1.0,2.03,151.19,67.05,455707.0,0.0,0
2022-10-23 16:00:00,18.425,0.0,6.575,61.0,0.9,1.305,75.4,124.2,509514.0,93.7,1
2022-10-23 17:00:00,17.825,0.0,5.7,63.5,0.775,0.58,13.08,171.35,576678.0,0.0,0
2022-10-23 18:00:00,16.95,0.0,5.3,64.75,0.375,0.11,4.87,199.1,657830.0,0.0,0
2022-10-23 19:00:00,16.25,0.0,4.975,64.25,0.0,0.0,7.45,186.18,701888.0,0.0,0
2022-10-23 20:00:00,15.775,0.0,5.3,65.0,0.0,0.0,6.48,195.2,699554.0,0.0,0
2022-10-23 21:00:00,15.625,0.0,5.3,60.25,0.0,0.0,4.22,179.7,688538.0,0.0,0
2022-10-23 22:00:00,15.375,0.0,4.85,60.75,0.0,0.0,0.86,202.91,668697.0,0.0,0
2022-10-23 23:00:00,15.4,0.0,6.35,57.0,0.0,0.0,0.0,207.49,645665.0,0.0,0
2022-10-24 00:00:00,15.525,0.0,6.575,53.5,0.0,0.0,0.0,181.36,621968.0,0.0,0
2022-10-24 01:00:00,15.15,0.0,6.425,51.25,0.0,0.0,0.17,187.09,578092.0,0.0,0
2022-10-24 02:00:00,14.875,0.0,5.85,56.75,0.0,0.0,0.12,199.08,549602.0,0.0,0
2022-10-24 03:00:00,14.75,0.0,6.275,55.25,0.0,0.0,0.12,200.51,527445.0,0.0,0
2022-10-24 04:00:00,14.95,0.0,6.275,53.75,0.0,0.0,0.08,192.44,518874.0,0.0,0
2022-10-24 05:00:00,14.875,0.0,5.575,57.75,0.0,0.0,0.0,178.9,520760.0,0.0,0
2022-10-24 06:00:00,14.725,0.0,4.9,61.0,0.0,0.0,0.61,146.53,541858.0,0.0,0
2022-10-24 07:00:00,14.9,0.0,6.15,62.5,0.0,0.0,21.34,142.42,573821.0,0.0,0
2022-10-24 08:00:00,15.95,0.0,5.925,58.0,0.5,0.175,82.11,170.17,604363.0,0.0,0
2022-10-24 09:00:00,16.5,0.0,6.075,53.75,0.775,0.89,174.95,139.69,597954.0,0.0,0
2022-10-24 10:00:00,16.925,0.0,6.6,51.25,0.875,1.455,221.2,60.13,556339.0,72.5,1
2022-10-24 11:00:00,17.025,0.0,6.15,49.5,0.95,2.075,255.55,18.04,515570.0,146.6,1
2022-10-24 12:00:00,16.825,0.0,6.925,50.0,0.95,2.4,263.13,17.94,482906.0,192.3,1
2022-10-24 13:00:00,17.075,0.0,6.6,48.25,0.975,2.505,252.22,17.9,468290.0,192.3,1
2022-10-24 14:00:00,17.25,0.0,7.375,46.0,0.975,2.39,227.69,36.99,490578.0,192.3,1
2022-10-24 15:00:00,16.65,0.0,6.85,46.0,1.0,2.07,169.86,107.27,505579.0,166.8,1
2022-10-24 16:00:00,16.3,0.0,5.75,46.75,1.0,1.485,84.54,182.73,548703.0,85.0,1
2022-10-24 17:00:00,15.55,0.0,6.55,44.75,0.975,0.775,13.32,185.19,626016.0,11.9,1
2022-10-24 18:00:00,14.225,0.0,6.55,46.25,0.5,0.135,4.88,196.19,704564.0,0.0,0
2022-10-24 19:00:00,13.775,0.0,6.075,48.75,0.0,0.0,6.93,216.94,738087.0,0.0,0
2022-10-24 20:00:00,13.5,0.0,5.55,49.5,0.0,0.0,6.21,208.03,740643.0,0.0,0
2022-10-24 21:00:00,12.975,0.0,5.675,49.75,0.0,0.0,3.44,202.65,716787.0,0.0,0
2022-10-24 22:00:00,12.825,0.0,5.45,51.0,0.0,0.0,0.76,182.86,692126.0,0.0,0
2022-10-24 23:00:00,12.975,0.0,5.225,50.25,0.0,0.0,0.15,157.53,667452.0,0.0,0
2022-10-25 00:00:00,12.9,0.0,5.775,49.75,0.0,0.0,0.0,133.67,645936.0,0.0,0
2022-10-25 01:00:00,12.55,0.0,4.975,47.5,0.0,0.0,0.18,108.0,600781.0,0.0,0
2022-10-25 02:00:00,12.025,0.0,5.125,48.75,0.0,0.0,0.18,91.86,567998.0,0.0,0
2022-10-25 03:00:00,11.825,0.0,4.725,50.0,0.0,0.0,0.18,90.66,546182.0,0.0,0
2022-10-25 04:00:00,12.05,0.0,4.325,53.25,0.0,0.0,0.11,77.69,533668.0,0.0,0
2022-10-25 05:00:00,11.85,0.0,2.975,58.25,0.0,0.0,0.05,77.81,534107.0,0.0,0
2022-10-25 06:00:00,11.45,0.0,2.975,60.25,0.0,0.0,0.61,62.21,553439.0,0.0,0
2022-10-25 07:00:00,11.325,0.0,2.7,62.25,0.0,0.0,19.47,46.49,589630.0,0.0,0
2022-10-25 08:00:00,12.5,0.0,3.1,62.75,0.35,0.195,88.05,51.67,617084.0,0.0,0
2022-10-25 09:00:00,14.675,0.0,3.8,57.25,0.725,0.645,163.55,74.91,601193.0,0.0,0
2022-10-25 10:00:00,15.575,0.0,4.275,55.5,0.85,1.325,204.11,69.49,566476.0,0.0,0
2022-10-25 11:00:00,16.3,0.0,4.625,52.75,0.925,2.045,233.69,23.07,535569.0,5.8,1
2022-10-25 12:00:00,16.825,0.0,4.75,51.75,1.0,2.43,238.09,7.47,504195.0,60.3,1
2022-10-25 13:00:00,17.125,0.0,4.475,48.75,0.975,2.53,227.99,14.23,482874.0,68.6,1
2022-10-25 14:00:00,17.1,0.0,4.775,47.5,0.95,2.38,209.67,34.78,496628.0,41.0,1
2022-10-25 15:00:00,17.15,0.0,4.925,44.75,0.975,1.975,155.69,41.93,518381.0,3.2,1
2022-10-25 16:00:00,17.05,0.0,3.675,46.0,1.0,1.405,74.86,34.51,562433.0,0.0,0
2022-10-25 17:00:00,16.4,0.0,3.675,45.75,1.0,0.69,12.64,24.99,631510.0,0.0,0
2022-10-25 18:00:00,15.025,0.0,2.9,51.5,0.4,0.115,5.51,37.63,703440.0,0.0,0
2022-10-25 19:00:00,13.95,0.0,2.75,54.25,0.0,0.0,7.29,29.37,737349.0,0.0,0
2022-10-25 20:00:00,13.525,0.0,2.8,56.75,0.0,0.0,6.68,19.84,735492.0,0.0,0
2022-10-25 21:00:00,13.275,0.0,2.525,59.0,0.0,0.0,3.44,13.3,719424.0,0.0,0
2022-10-25 22:00:00,14.225,0.0,1.725,58.5,0.0,0.0,0.74,23.1,694384.0,0.0,0
2022-10-25 23:00:00,14.525,0.0,2.975,63.0,0.0,0.0,0.16,31.77,668380.0,0.0,0
2022-10-26 00:00:00,15.35,0.0,3.225,64.0,0.0,0.0,0.0,32.93,642373.0,0.0,0
2022-10-28 01:00:00,14.25,0.0,2.725,68.0,0.0,0.0,0.18,20.47,598792.0,0.0,0
2022-10-28 02:00:00,14.075,0.0,2.325,67.75,0.0,0.0,0.14,22.75,567776.0,0.0,0
2022-10-28 03:00:00,13.9,0.0,3.05,73.0,0.0,0.0,0.12,32.98,544101.0,0.0,0
2022-10-28 04:00:00,13.975,0.0,2.675,76.0,0.0,0.0,0.1,41.63,531976.0,0.0,0
2022-10-28 05:00:00,13.75,0.0,2.825,75.0,0.0,0.0,0.04,58.02,534777.0,0.0,0
2022-10-28 06:00:00,13.35,0.0,2.8,75.75,0.0,0.0,0.17,48.27,552947.0,0.0,0
2022-10-28 07:00:00,13.675,0.0,2.775,76.925,0.0,0.0,23.18,44.94,586080.0,0.0,0
2022-10-28 08:00:00,14.975,0.0,2.475,74.0,0.45,0.195,75.93,30.17,608846.0,0.0,0
2022-10-28 09:00:00,16.9,0.0,2.15,69.75,0.65,0.74,141.91,19.33,607837.0,0.0,0
2022-10-28 10:00:00,18.325,0.0,3.075,64.5,0.9,1.315,206.91,15.5,571209.0,0.0,0
2022-10-28 11:00:00,19.475,0.0,3.5,57.75,1.0,1.915,239.3,5.64,525010.0,0.4,1
2022-10-28 12:00:00,19.975,0.0,3.975,58.0,0.975,2.35,238.65,5.86,495396.0,9.0,1
2022-10-28 13:00:00,20.125,0.0,4.15,61.5,1.0,2.365,224.01,5.5,486766.0,9.0,1
2022-10-28 14:00:00,20.175,0.0,4.2,60.5,0.975,2.305,194.12,8.9,505328.0,9.0,1
2022-10-28 15:00:00,19.975,0.0,3.975,61.75,1.0,1.795,133.61,13.95,535921.0,4.0,1
2022-10-28 16:00:00,19.5,0.0,4.15,63.75,1.0,1.17,60.14,15.3,585036.0,0.0,0
2022-10-28 17:00:00,18.825,0.0,3.375,64.75,0.9,0.59,12.97,15.22,648386.0,0.0,0
2022-10-28 18:00:00,17.6,0.0,2.625,68.25,0.175,0.1,5.49,26.11,702000.0,0.0,0
2022-10-28 19:00:00,17.1,0.0,2.45,68.75,0.0,0.0,7.43,20.8,729132.0,0.0,0
2022-10-28 20:00:00,16.65,0.0,2.65,70.75,0.0,0.0,6.97,13.44,721334.0,0.0,0
2022-10-28 21:00:00,16.4,0.0,2.875,73.5,0.0,0.0,3.6,14.28,707588.0,0.0,0
2022-10-28 22:00:00,16.175,0.0,2.725,75.0,0.0,0.0,0.77,23.08,686607.0,0.0,0
2022-10-28 23:00:00,16.1,0.0,2.925,76.25,0.0,0.0,0.14,27.29,663196.0,0.0,0
2022-10-29 00:00:00,16.025,0.0,2.675,76.75,0.0,0.0,0.0,26.12,644532.0,0.0,0
2022-10-29 01:00:00,16.075,0.0,2.825,77.25,0.0,0.0,0.18,33.01,598894.0,0.0,0
2022-10-29 02:00:00,16.2,0.0,2.625,77.25,0.0,0.0,0.18,37.28,566329.0,0.0,0
2022-10-29 03:00:00,16.55,0.0,3.45,80.25,0.0,0.0,0.18,50.26,545540.0,0.0,0
2022-10-29 04:00:00,17.1,0.0,3.775,82.5,0.0,0.0,0.1,66.38,534140.0,0.0,0
2022-10-29 05:00:00,17.175,0.0,4.625,82.5,0.0,0.0,0.05,120.51,531584.0,0.0,0
2022-10-29 06:00:00,17.275,0.0,4.45,85.0,0.0,0.0,0.41,102.74,551926.0,0.0,0
2022-10-29 07:00:00,17.65,0.0,4.625,81.25,0.0,0.0,9.76,87.06,573724.0,0.0,0
2022-10-29 08:00:00,18.025,0.0,4.45,79.0,0.15,0.135,54.31,74.3,590640.0,0.0,0
2022-10-29 09:00:00,19.025,0.0,3.925,74.75,0.4,0.59,108.37,86.29,583673.0,0.0,0
2022-10-29 10:00:00,20.175,0.0,3.625,69.5,0.55,1.11,145.36,84.92,559461.0,0.0,0
2022-10-29 11:00:00,20.725,0.0,4.625,64.75,0.625,1.405,170.69,73.21,534583.0,0.0,0
2022-10-29 12:00:00,21.275,0.0,4.725,62.5,0.75,2.135,161.27,53.53,510903.0,18.9,1
2022-10-29 13:00:00,21.1,0.0,4.9,60.75,0.675,1.925,150.07,86.26,504310.0,16.6,1
2022-10-29 14:00:00,21.1,0.0,4.925,59.5,0.6,1.36,119.7,84.01,518809.0,0.0,0
2022-10-29 15:00:00,20.825,0.0,5.1,62.75,0.7,1.445,110.29,77.35,541513.0,0.0,0
2022-10-29 16:00:00,20.575,0.0,4.575,62.0,0.975,1.075,55.09,63.25,551762.0,0.0,0
2022-10-29 17:00:00,19.725,0.0,4.325,62.25,0.875,0.51,9.12,46.65,611585.0,0.0,0
2022-10-29 18:00:00,18.575,0.0,3.8,64.75,0.175,0.055,4.88,57.22,675815.0,0.0,0
2022-10-29 19:00:00,17.875,0.0,2.825,65.25,0.0,0.0,6.19,55.22,707737.0,0.0,0
2022-10-29 20:00:00,17.525,0.0,2.875,65.25,0.0,0.0,4.22,46.45,700221.0,0.0,0
2022-10-29 21:00:00,17.325,0.0,2.5,64.75,0.0,0.0,2.24,37.14,689171.0,0.0,0
2022-10-29 22:00:00,17.3,0.0,2.3,60.75,0.0,0.0,0.29,31.19,668832.0,0.0,0
2022-10-29 23:00:00,17.1,0.0,2.65,62.75,0.0,0.0,0.0,28.35,647486.0,0.0,0
2022-10-30 00:00:00,16.75,0.0,2.825,65.5,0.0,0.0,0.0,23.95,633197.0,0.0,0
2022-10-30 01:00:00,17.3,0.0,3.35,68.75,0.0,0.0,0.16,26.01,591903.0,0.0,0
2022-10-30 02:00:00,16.375,0.0,2.675,69.75,0.0,0.0,0.12,35.87,561680.0,0.0,0
2022-10-30 03:00:00,17.225,0.0,3.25,70.5,0.0,0.0,0.12,40.69,540857.0,0.0,0
2022-10-30 04:00:00,16.725,0.0,2.8,72.25,0.0,0.0,0.08,44.51,527522.0,0.0,0
2022-10-30 05:00:00,17.0,0.0,3.25,73.25,0.0,0.0,0.0,62.3,529247.0,0.0,0
2022-10-30 06:00:00,16.35,0.0,3.125,79.0,0.0,0.0,0.2,75.54,543096.0,0.0,0
2022-10-30 07:00:00,16.6,0.0,4.2,79.5,0.0,0.0,15.02,74.62,559984.0,0.0,0
2022-10-30 08:00:00,17.0,0.0,4.375,76.75,0.25,0.185,83.62,82.03,565533.0,0.0,0
2022-10-30 09:00:00,18.05,0.0,5.1,70.25,0.725,0.66,153.11,56.92,528529.0,0.0,0
2022-10-30 10:00:00,19.1,0.0,4.75,64.75,0.9,1.34,190.75,7.92,493991.0,38.8,1
2022-10-30 11:00:00,19.55,0.0,4.525,62.5,0.875,1.735,209.64,7.82,464374.0,71.5,1
2022-10-30 12:00:00,19.875,0.0,5.0,63.5,0.95,2.23,209.84,7.58,448692.0,71.5,1
2022-10-30 13:00:00,19.9,0.0,4.975,63.5,0.9,2.135,191.56,8.02,447525.0,71.5,1
2022-10-30 14:00:00,20.15,0.0,4.85,62.25,0.9,1.91,169.5,16.29,463266.0,71.5,1
2022-10-30 15:00:00,19.85,0.0,4.85,62.75,0.925,1.4,109.36,54.31,482150.0,57.7,1
2022-10-30 16:00:00,19.675,0.0,4.55,65.25,0.75,1.12,48.84,84.36,533074.0,16.3,1
2022-10-30 17:00:00,18.825,0.0,4.25,67.75,0.65,0.575,8.96,100.61,597125.0,0.0,0
2022-10-30 18:00:00,18.15,0.0,4.2,69.75,0.15,0.065,5.2,119.56,663265.0,0.0,0
2022-10-30 19:00:00,17.675,0.0,3.975,67.75,0.0,0.0,6.49,103.5,701420.0,0.0,0
2022-10-30 20:00:00,17.55,0.0,3.85,65.0,0.0,0.0,5.64,86.11,696057.0,0.0,0
2022-10-30 21:00:00,17.0,0.0,3.3,64.75,0.0,0.0,2.97,71.53,682638.0,0.0,0
2022-10-30 22:00:00,17.2,0.0,2.975,63.0,0.0,0.0,0.66,63.67,660028.0,0.0,0
2022-10-30 23:00:00,17.1,0.0,3.4,62.75,0.0,0.0,0.01,76.8,635984.0,0.0,0
2022-10-31 00:00:00,17.05,0.0,4.1,63.0,0.0,0.0,0.0,77.23,614527.0,0.0,0
2022-10-31 01:00:00,17.175,0.0,3.7,63.75,0.0,0.0,0.16,71.92,572111.0,0.0,0
2022-10-31 02:00:00,16.95,0.0,4.025,64.0,0.0,0.0,0.12,85.57,543564.0,0.0,0
2022-10-31 03:00:00,17.025,0.0,3.675,63.25,0.0,0.0,0.12,84.13,523965.0,0.0,0
2022-10-31 04:00:00,17.1,0.0,4.75,66.0,0.0,0.0,0.07,89.04,515310.0,0.0,0
2022-10-31 05:00:00,16.7,0.0,4.475,67.75,0.0,0.0,0.0,100.32,519238.0,0.0,0
2022-10-31 06:00:00,16.45,0.0,4.65,73.25,0.0,0.0,0.22,104.71,536604.0,0.0,0
2022-10-31 07:00:00,16.175,0.0,4.275,74.75,0.0,0.0,12.53,98.79,568305.0,0.0,0
2022-10-31 08:00:00,16.675,0.0,4.725,72.5,0.3,0.22,83.82,102.8,606488.0,0.0,0
2022-10-31 09:00:00,17.5,0.0,4.8,69.25,0.575,0.63,154.6,109.21,592218.0,0.0,0
2022-10-31 10:00:00,18.1,0.0,5.1,68.0,0.625,1.115,188.67,111.05,564079.0,0.0,0
2022-10-31 11:00:00,18.725,0.0,5.15,65.25,0.75,1.375,212.56,65.23,543897.0,2.0,1
2022-10-31 12:00:00,19.15,0.0,5.0,62.75,0.825,1.79,226.17,24.76,516788.0,49.7,1
2022-10-31 13:00:00,19.525,0.0,4.85,61.25,0.85,1.93,206.33,33.34,492610.0,89.1,1
2022-10-31 14:00:00,19.55,0.0,4.6,60.5,0.925,1.845,170.26,69.84,518063.0,56.4,1
2022-10-31 15:00:00,19.275,0.0,4.725,62.75,0.975,1.7,98.82,72.44,545643.0,4.1,1
2022-10-31 16:00:00,18.95,0.0,4.125,64.0,0.9,1.15,43.77,71.93,608364.0,0.0,0
2022-10-31 17:00:00,18.0,0.0,4.425,67.5,0.575,0.46,9.23,64.84,659363.0,0.0,0
2022-10-31 18:00:00,17.325,0.0,3.4,70.25,0.075,0.035,5.18,90.59,714273.0,0.0,0
2022-10-31 19:00:00,17.125,0.0,3.7,71.0,0.0,0.0,6.92,80.16,732715.0,0.0,0
2022-10-31 20:00:00,17.225,0.0,3.725,70.5,0.0,0.0,5.04,73.6,724595.0,0.0,0
2022-10-31 21:00:00,17.0,0.0,4.0,71.5,0.0,0.0,2.78,55.11,705259.0,0.0,0
2022-10-31 22:00:00,16.65,0.0,2.95,72.25,0.0,0.0,0.75,30.74,679539.0,0.0,0
2022-10-31 23:00:00,16.65,0.0,2.975,72.25,0.0,0.0,0.13,37.66,654678.0,0.0,0
2022-11-01 00:00:00,16.05,0.0,2.8,73.5,0.0,0.0,0.0,41.39,583247.0,0.0,0
2022-11-01 01:00:00,15.725,0.0,2.675,73.25,0.0,0.0,0.18,61.99,589579.0,0.0,0
2022-11-01 02:00:00,15.9,0.0,2.7,71.75,0.0,0.0,0.18,68.59,558348.0,0.0,0
2022-11-01 03:00:00,15.425,0.0,2.475,71.75,0.0,0.0,0.18,68.38,538093.0,0.0,0
2022-11-01 04:00:00,15.125,0.0,2.4,72.25,0.0,0.0,0.11,55.82,528365.0,0.0,0
2022-11-01 05:00:00,14.925,0.0,2.35,72.25,0.0,0.0,0.0,94.2,529116.0,0.0,0
2022-11-01 06:00:00,15.175,0.0,3.3,75.25,0.0,0.0,0.26,86.49,547159.0,0.0,0
2022-11-01 07:00:00,14.95,0.0,3.2,76.0,0.0,0.0,3.9,44.92,582966.0,0.0,0
2022-11-01 08:00:00,14.75,0.0,2.575,77.75,0.075,0.045,72.66,63.21,626388.0,0.0,0
2022-11-01 09:00:00,17.175,0.0,2.075,67.75,0.95,0.77,167.65,87.81,612600.0,0.0,0
2022-11-01 10:00:00,18.775,0.0,4.025,60.0,1.0,1.48,220.18,74.42,571830.0,0.0,0
2022-11-01 11:00:00,19.575,0.0,4.0,56.5,1.0,2.03,248.32,27.36,547168.0,25.1,1
2022-11-01 12:00:00,20.025,0.0,4.05,54.25,1.0,2.33,255.31,6.93,519520.0,60.1,1
2022-11-01 13:00:00,20.3,0.0,4.525,49.75,1.0,2.39,242.56,11.22,498563.0,73.7,1
2022-11-01 14:00:00,20.325,0.0,4.225,52.75,1.0,2.245,209.79,47.24,522655.0,72.2,1
2022-11-01 15:00:00,20.0,0.0,4.7,56.5,1.0,1.86,146.11,71.83,545397.0,40.6,1
2022-11-01 16:00:00,19.575,0.0,4.125,61.75,1.0,1.245,54.73,84.49,589816.0,0.4,1
2022-11-01 17:00:00,18.575,0.0,4.05,68.5,1.0,0.54,8.69,101.35,656422.0,0.0,0
2022-11-01 18:00:00,17.55,0.0,2.875,72.75,0.175,0.065,5.41,89.96,712241.0,0.0,0
2022-11-01 19:00:00,17.0,0.0,3.375,76.25,0.0,0.0,7.24,127.69,735423.0,0.0,0
2022-11-01 20:00:00,16.8,0.0,3.375,74.25,0.0,0.0,6.62,121.96,730445.0,0.0,0
2022-11-01 21:00:00,16.525,0.0,3.275,76.0,0.0,0.0,3.55,95.45,715191.0,0.0,0
2022-11-01 22:00:00,16.175,0.0,2.975,77.5,0.0,0.0,0.82,98.36,687334.0,0.0,0
2022-11-01 23:00:00,15.875,0.0,3.175,77.5,0.0,0.0,0.14,92.14,659948.0,0.0,0
2022-11-02 00:00:00,15.55,0.0,3.25,78.0,0.0,0.0,0.0,100.01,638227.0,0.0,0
2022-11-02 01:00:00,15.275,0.0,3.675,77.0,0.0,0.0,0.18,119.13,593616.0,0.0,0
2022-11-02 02:00:00,14.95,0.0,4.25,72.5,0.0,0.0,0.18,110.78,563466.0,0.0,0
2022-11-02 03:00:00,14.775,0.0,3.725,71.5,0.0,0.0,0.18,98.63,543422.0,0.0,0
2022-11-02 04:00:00,14.6,0.0,2.75,71.5,0.0,0.0,0.11,88.28,534558.0,0.0,0
2022-11-02 05:00:00,14.45,0.0,2.95,74.25,0.0,0.0,0.05,63.01,533602.0,0.0,0
2022-11-02 06:00:00,14.05,0.0,2.925,75.0,0.0,0.0,0.38,35.98,555015.0,0.0,0
2022-11-02 07:00:00,13.675,0.0,2.825,73.75,0.0,0.005,16.83,23.99,589312.0,0.0,0
2022-11-02 08:00:00,14.725,0.0,2.75,73.25,0.55,0.2,90.89,14.03,616414.0,0.0,0
2022-11-02 09:00:00,17.25,0.0,2.375,67.5,1.0,0.815,170.15,5.06,602650.0,0.0,0
2022-11-02 10:00:00,18.725,0.0,3.2,64.25,1.0,1.505,213.92,6.23,572703.0,0.0,0
2022-11-02 11:00:00,19.225,0.0,3.15,66.25,1.0,2.02,241.49,6.59,548194.0,0.0,0
2022-11-02 12:00:00,19.625,0.0,3.575,66.25,1.0,2.32,245.88,6.51,524771.0,0.7,1
2022-11-02 13:00:00,19.55,0.0,3.975,65.25,1.0,2.38,230.38,10.7,510579.0,3.0,1
2022-11-02 14:00:00,19.675,0.0,3.4,64.5,1.0,2.195,182.97,6.4,537485.0,0.0,0
2022-11-02 15:00:00,19.325,0.0,3.3,64.5,0.775,1.795,120.91,7.42,576052.0,0.0,0
2022-11-02 16:00:00,18.925,0.0,3.15,65.25,0.85,1.2,49.48,4.84,614894.0,0.0,0
2022-11-02 17:00:00,18.175,0.0,2.125,65.5,0.75,0.535,9.21,10.41,664856.0,0.0,0
2022-11-02 18:00:00,16.55,0.0,2.4,68.75,0.15,0.055,5.52,22.45,714196.0,0.0,0
2022-11-02 19:00:00,15.575,0.0,1.95,71.75,0.0,0.0,7.5,18.78,739498.0,0.0,0
2022-11-02 20:00:00,15.45,0.0,2.4,75.25,0.0,0.0,6.91,17.48,733357.0,0.0,0
2022-11-02 21:00:00,14.725,0.0,2.625,75.0,0.0,0.0,3.65,8.47,716389.0,0.0,0
2022-11-02 22:00:00,14.475,0.0,2.225,73.75,0.0,0.0,0.81,8.31,688902.0,0.0,0
2022-11-02 23:00:00,14.1,0.0,2.775,73.5,0.0,0.0,0.14,7.42,662561.0,0.0,0
2022-11-03 00:00:00,13.625,0.0,2.7,74.75,0.0,0.0,0.0,3.55,640413.0,0.0,0
2022-11-03 01:00:00,13.55,0.0,2.325,72.25,0.0,0.0,0.18,1.29,597842.0,0.0,0
2022-11-03 02:00:00,13.25,0.0,2.575,70.5,0.0,0.0,0.18,10.61,566057.0,0.0,0
2022-11-03 03:00:00,12.95,0.0,3.225,70.0,0.0,0.0,0.17,20.89,545550.0,0.0,0
2022-11-03 04:00:00,12.825,0.0,2.95,70.0,0.0,0.0,0.1,22.34,537153.0,0.0,0
2022-11-03 05:00:00,12.4,0.0,3.3,70.5,0.0,0.0,0.05,22.34,538943.0,0.0,0
2022-11-03 06:00:00,12.15,0.0,3.0,70.5,0.0,0.0,0.4,18.78,559318.0,0.0,0
2022-11-03 07:00:00,12.025,0.0,3.425,69.75,0.0,0.005,18.63,16.51,592350.0,0.0,0
2022-11-03 08:00:00,13.5,0.0,2.525,66.0,0.6,0.235,103.91,3.79,620012.0,0.0,0
2022-11-03 09:00:00,16.375,0.0,1.725,61.0,1.0,0.9,185.13,3.24,595475.0,0.0,0
2022-11-03 10:00:00,18.25,0.0,2.775,55.5,1.0,1.59,230.3,7.52,565200.0,0.0,0
2022-11-03 11:00:00,18.95,0.0,2.775,45.0,1.0,2.135,257.39,3.39,537784.0,0.4,1
2022-11-03 12:00:00,19.575,0.0,3.0,42.0,1.0,2.44,263.02,2.55,514006.0,7.5,1
2022-11-03 13:00:00,19.7,0.0,3.875,41.75,1.0,2.505,251.74,13.63,500260.0,8.6,1
2022-11-03 14:00:00,19.675,0.0,3.45,43.25,1.0,2.32,217.42,41.68,521471.0,4.8,1
2022-11-03 15:00:00,19.325,0.0,4.325,45.75,1.0,1.9,152.14,54.8,548616.0,5.9,1
2022-11-03 16:00:00,19.275,0.0,3.925,43.0,1.0,1.29,50.02,70.8,595368.0,0.0,0
2022-11-03 17:00:00,17.825,0.0,4.0,49.75,0.575,0.42,7.94,94.4,662527.0,0.0,0
2022-11-03 18:00:00,17.25,0.0,3.9,51.0,0.075,0.025,5.52,129.87,720513.0,0.0,0
2022-11-03 19:00:00,16.875,0.0,3.975,54.75,0.0,0.0,7.63,165.29,739878.0,0.0,0
2022-11-03 20:00:00,16.425,0.0,5.3,57.75,0.0,0.0,6.97,168.52,734704.0,0.0,0
2022-11-03 21:00:00,16.25,0.0,4.95,60.25,0.0,0.0,3.62,162.55,719672.0,0.0,0
2022-11-03 22:00:00,15.925,0.0,4.75,63.75,0.0,0.0,0.78,164.51,695336.0,0.0,0
2022-11-03 23:00:00,15.4,0.0,5.15,69.5,0.0,0.0,0.15,180.09,664747.0,0.0,0
2022-11-04 00:00:00,14.9,0.0,5.125,71.5,0.0,0.0,0.0,162.34,646374.0,0.0,0
2022-11-04 01:00:00,14.75,0.0,4.825,71.75,0.0,0.0,0.18,178.74,600843.0,0.0,0
2022-11-04 02:00:00,14.4,0.0,5.275,71.25,0.0,0.0,0.18,177.8,569057.0,0.0,0
2022-11-04 03:00:00,13.95,0.0,5.025,69.5,0.0,0.0,0.18,190.56,547976.0,0.0,0
2022-11-04 04:00:00,13.225,0.0,4.925,67.75,0.0,0.0,0.12,202.18,540717.0,0.0,0
2022-11-04 05:00:00,12.8,0.0,4.975,69.0,0.0,0.0,0.05,215.12,544435.0,0.0,0
2022-11-04 06:00:00,12.525,0.0,5.05,67.75,0.0,0.0,0.39,201.78,565334.0,0.0,0
2022-11-04 07:00:00,12.625,0.0,4.775,68.25,0.0,0.0,17.04,191.45,597456.0,0.0,0
2022-11-04 08:00:00,12.925,0.0,4.8,67.5,0.425,0.13,79.64,174.27,625466.0,0.0,0
2022-11-04 09:00:00,13.525,0.0,5.95,60.5,0.825,0.6,171.6,113.31,624968.0,0.0,0
2022-11-04 10:00:00,13.825,0.0,6.025,59.0,0.975,1.405,213.03,36.8,596513.0,98.5,1
2022-11-04 11:00:00,14.075,0.0,6.5,57.0,0.925,1.715,231.88,19.85,567148.0,155.2,1
2022-11-04 12:00:00,14.35,0.0,6.575,56.25,0.9,1.72,229.64,20.18,554190.0,170.1,1
2022-11-04 13:00:00,14.225,0.0,7.475,56.5,0.8,1.585,214.4,49.11,545359.0,170.1,1
2022-11-04 14:00:00,14.0,0.0,6.75,56.75,0.875,1.59,186.47,99.92,562235.0,134.6,1
2022-11-04 15:00:00,13.625,0.0,6.675,58.75,0.85,1.455,130.42,163.51,578236.0,94.5,1
2022-11-04 16:00:00,13.35,0.0,6.45,60.25,0.9,0.985,55.95,194.8,612973.0,38.5,1
2022-11-04 17:00:00,12.75,0.0,5.475,59.75,0.775,0.345,8.33,210.18,668788.0,0.2,1
2022-11-04 18:00:00,12.025,0.0,5.8,58.25,0.25,0.065,5.42,234.97,729081.0,0.0,0
2022-11-04 19:00:00,11.95,0.0,5.85,56.25,0.0,0.0,7.72,244.53,754855.0,0.0,0
2022-11-04 20:00:00,11.625,0.0,5.5,56.0,0.0,0.0,6.38,223.67,747296.0,0.0,0
2022-11-04 21:00:00,11.525,0.0,5.45,59.0,0.0,0.0,3.35,217.92,732168.0,0.0,0
2022-11-04 22:00:00,11.35,0.0,4.7,62.0,0.0,0.0,0.36,217.4,709556.0,0.0,0
2022-11-04 23:00:00,11.425,0.0,4.875,64.25,0.0,0.0,0.0,217.62,687439.0,0.0,0
2022-11-05 00:00:00,11.475,0.0,4.475,64.0,0.0,0.0,0.0,178.01,672860.0,0.0,0
2022-11-05 01:00:00,11.5,0.0,4.625,63.0,0.0,0.0,0.18,162.64,627391.0,0.0,0
2022-11-05 02:00:00,11.175,0.0,4.8,62.25,0.0,0.0,0.18,182.28,591617.0,0.0,0
2022-11-05 03:00:00,11.1,0.0,4.925,64.25,0.0,0.0,0.18,186.22,570075.0,0.0,0
2022-11-05 04:00:00,10.975,0.0,4.95,63.75,0.0,0.0,0.12,186.33,556790.0,0.0,0
2022-11-05 05:00:00,10.925,0.0,5.025,63.25,0.0,0.0,0.02,204.13,557695.0,0.0,0
2022-11-05 06:00:00,10.85,0.0,5.1,66.5,0.0,0.0,0.38,172.44,572737.0,0.0,0
2022-11-05 07:00:00,10.55,0.0,4.75,67.0,0.0,0.0,15.6,150.98,598317.0,0.0,0
2022-11-05 08:00:00,11.05,0.0,4.325,64.25,0.375,0.13,88.78,130.36,610448.0,0.0,0
2022-11-05 09:00:00,12.4,0.0,3.675,59.0,0.75,0.535,161.03,138.14,583894.0,0.0,0
2022-11-05 10:00:00,13.05,0.0,4.5,57.5,0.825,1.065,207.3,71.21,558935.0,30.3,1
2022-11-05 11:00:00,13.725,0.0,4.55,55.5,0.85,1.46,238.78,15.99,534982.0,89.8,1
2022-11-05 12:00:00,14.175,0.0,4.675,54.75,0.875,1.805,248.51,9.42,506894.0,138.2,1
2022-11-05 13:00:00,14.7,0.0,4.45,51.75,0.975,2.26,242.56,11.66,482264.0,145.5,1
2022-11-05 14:00:00,14.825,0.0,4.8,50.25,1.0,2.18,205.2,42.78,484732.0,145.5,1
2022-11-05 15:00:00,14.85,0.0,5.7,53.25,0.925,1.67,136.7,103.5,512541.0,104.8,1
2022-11-05 16:00:00,14.625,0.0,5.05,55.0,0.875,0.98,55.03,118.39,559231.0,31.0,1
2022-11-05 17:00:00,13.875,0.0,4.875,56.0,0.725,0.465,9.46,121.27,631541.0,0.0,0
2022-11-05 18:00:00,13.275,0.0,4.5,59.25,0.175,0.065,5.5,160.1,703234.0,0.0,0
2022-11-05 19:00:00,13.0,0.0,3.8,59.25,0.0,0.0,7.61,161.81,734612.0,0.0,0
2022-11-05 20:00:00,12.675,0.0,4.1,59.25,0.0,0.0,6.46,126.78,728329.0,0.0,0
2022-11-05 21:00:00,12.325,0.0,4.05,59.5,0.0,0.0,3.16,93.96,717910.0,0.0,0
2022-11-05 22:00:00,11.775,0.0,3.975,62.0,0.0,0.0,0.41,82.98,696739.0,0.0,0
2022-11-05 23:00:00,11.575,0.0,2.775,63.5,0.0,0.0,0.0,99.61,678102.0,0.0,0
2022-11-06 00:00:00,11.2,0.0,3.475,65.0,0.0,0.0,0.0,115.45,663179.0,0.0,0
2022-11-06 01:00:00,11.125,0.0,2.9,67.25,0.0,0.0,0.17,102.07,620113.0,0.0,0
2022-11-06 02:00:00,11.175,0.0,2.775,66.0,0.0,0.0,0.12,101.04,588727.0,0.0,0
2022-11-06 03:00:00,11.2,0.0,3.825,64.25,0.0,0.0,0.12,85.01,565399.0,0.0,0
2022-11-06 04:00:00,10.95,0.0,3.2,63.5,0.0,0.0,0.07,67.42,557061.0,0.0,0
2022-11-06 05:00:00,10.2,0.0,2.8,64.0,0.0,0.0,0.0,66.79,559540.0,0.0,0
2022-11-06 06:00:00,9.325,0.0,3.05,69.0,0.0,0.0,0.35,51.56,573665.0,0.0,0
2022-11-06 07:00:00,9.65,0.0,3.225,68.0,0.0,0.0,15.4,40.2,592923.0,0.0,0
2022-11-06 08:00:00,10.825,0.0,2.9,65.0,0.5,0.175,94.55,26.91,600946.0,0.0,0
2022-11-06 09:00:00,13.35,0.0,2.75,59.0,1.0,0.79,177.07,36.34,552175.0,0.0,0
2022-11-06 10:00:00,15.0,0.0,3.25,51.0,1.0,1.495,220.18,3.45,509128.0,8.1,1
2022-11-06 11:00:00,15.375,0.0,3.55,53.0,0.9,1.725,241.07,2.27,488954.0,46.2,1
2022-11-06 12:00:00,15.675,0.0,3.625,51.75,0.95,2.035,214.36,2.68,475450.0,46.3,1
2022-11-06 13:00:00,15.7,0.0,3.85,53.0,0.975,1.725,205.13,24.14,490817.0,40.1,1
2022-11-06 14:00:00,16.125,0.0,4.1,50.5,1.0,2.07,197.74,22.77,481959.0,6.6,1
2022-11-06 15:00:00,15.75,0.0,4.15,52.5,1.0,1.845,136.19,17.88,492227.0,6.6,1
2022-11-06 16:00:00,15.475,0.0,3.7,53.25,1.0,1.25,55.88,14.86,538627.0,1.5,1
2022-11-06 17:00:00,14.85,0.0,2.55,53.0,1.0,0.585,8.0,11.61,603596.0,0.0,0
2022-11-06 18:00:00,13.325,0.0,1.95,59.0,0.275,0.05,5.47,28.87,686340.0,0.0,0
2022-11-06 19:00:00,12.05,0.0,2.6,65.25,0.0,0.0,7.42,23.67,723488.0,0.0,0
2022-11-06 20:00:00,11.525,0.0,2.3,65.75,0.0,0.0,6.45,9.46,722685.0,0.0,0
2022-11-06 21:00:00,10.95,0.0,2.825,66.5,0.0,0.0,2.9,2.93,714688.0,0.0,0
2022-11-06 22:00:00,10.875,0.0,2.375,67.75,0.0,0.0,0.34,1.04,695270.0,0.0,0
2022-11-06 23:00:00,10.65,0.0,2.425,69.25,0.0,0.0,0.0,0.76,674183.0,0.0,0
2022-11-07 00:00:00,10.575,0.0,2.2,71.0,0.0,0.0,0.0,3.56,653635.0,0.0,0
2022-11-13 01:00:00,20.5,0.0,3.2,95.0,0.0,0.0,0.12,50.61,599975.0,0.0,0
2022-11-13 02:00:00,20.775,0.0,4.75,95.0,0.0,0.0,0.12,58.26,571379.0,0.0,0
2022-11-13 03:00:00,20.425,0.15,5.6,95.75,0.0,0.0,0.11,59.86,549244.0,0.0,0
2022-11-13 04:00:00,19.825,0.0,6.575,96.0,0.0,0.0,0.04,113.98,537710.0,0.0,0
2022-11-13 05:00:00,17.975,0.0,5.125,94.5,0.0,0.0,0.0,167.78,537478.0,0.0,0
2022-11-13 06:00:00,17.2,1.367,5.775,89.75,0.0,0.0,0.01,165.68,552269.0,0.0,0
2022-11-13 07:00:00,16.475,0.0,6.275,87.75,0.0,0.0,2.88,165.02,575134.0,0.0,0
2022-11-13 08:00:00,16.3,0.0,6.575,83.25,0.125,0.0,21.51,184.24,589358.0,0.0,0
2022-11-13 09:00:00,15.875,0.0,6.475,84.0,0.3,0.045,51.41,201.23,601990.0,0.0,0
2022-11-13 10:00:00,15.975,0.0,8.125,78.75,0.45,0.135,105.3,168.73,601970.0,0.0,0
2022-11-13 11:00:00,16.9,0.0,7.4,66.75,0.6,0.62,119.47,111.12,585785.0,63.6,1
2022-11-13 12:00:00,16.4,0.0,7.025,70.0,0.5,0.425,100.09,124.05,583301.0,112.8,1
2022-11-13 13:00:00,15.225,0.0,7.15,70.75,0.375,0.48,94.19,140.78,583490.0,94.5,1
2022-11-13 14:00:00,14.975,0.0,7.275,70.25,0.35,0.355,62.22,169.56,591919.0,79.0,1
2022-11-13 15:00:00,14.35,0.0,7.2,69.0,0.075,0.36,50.38,181.7,606726.0,48.8,1
2022-11-13 16:00:00,14.375,0.0,7.525,67.0,0.425,0.27,23.1,203.41,618118.0,14.1,1
2022-11-13 17:00:00,13.825,0.0,7.375,68.25,0.5,0.125,5.58,205.71,648258.0,0.0,0
2022-11-13 18:00:00,13.375,0.0,7.525,70.5,0.075,0.005,2.46,235.36,702304.0,0.0,0
2022-11-13 19:00:00,13.3,0.0,6.85,67.75,0.0,0.0,2.26,213.78,726937.0,0.0,0
2022-11-13 20:00:00,13.0,0.0,4.8,68.5,0.0,0.0,0.93,175.14,725300.0,0.0,0
2022-11-13 21:00:00,12.875,0.0,5.65,70.5,0.0,0.0,0.07,197.94,704630.0,0.0,0
2022-11-13 22:00:00,12.9,0.0,4.9,69.75,0.0,0.0,0.0,170.94,685242.0,0.0,0
2022-11-13 23:00:00,12.75,0.0,4.925,71.0,0.0,0.0,0.0,150.49,666160.0,0.0,0
2022-11-14 00:00:00,12.825,0.0,4.175,72.5,0.0,0.0,0.0,103.44,653271.0,0.0,0
2022-11-14 01:00:00,12.7,0.0,4.225,73.5,0.0,0.0,0.14,102.99,610121.0,0.0,0
2022-11-14 02:00:00,12.8,0.0,4.1,74.25,0.0,0.0,0.03,91.76,577127.0,0.0,0
2022-11-14 03:00:00,12.975,0.0,3.275,73.75,0.0,0.0,0.0,83.03,557839.0,0.0,0
2022-11-14 04:00:00,13.025,0.0,3.65,72.75,0.0,0.0,0.0,80.71,544909.0,0.0,0
2022-11-14 05:00:00,13.075,0.0,3.6,74.25,0.0,0.0,0.0,101.2,548423.0,0.0,0
2022-11-14 06:00:00,13.125,0.0,3.425,74.75,0.0,0.0,0.01,98.83,562562.0,0.0,0
2022-11-14 07:00:00,13.0,0.0,3.15,75.75,0.0,0.0,4.07,90.35,597372.0,0.0,0
2022-11-14 08:00:00,13.2,0.0,3.325,74.5,0.075,0.06,28.95,97.51,636892.0,0.0,0
2022-11-14 09:00:00,13.8,0.0,3.4,73.0,0.2,0.285,81.44,80.83,669880.0,0.0,0
2022-11-14 10:00:00,14.525,0.0,4.0,68.5,0.3,0.685,104.95,99.22,655116.0,0.0,0
2022-11-14 11:00:00,14.95,0.0,4.825,66.5,0.45,0.87,152.15,109.2,649663.0,0.0,0
2022-11-14 12:00:00,15.6,0.0,4.475,64.0,0.625,1.53,211.65,94.79,603461.0,0.0,0
2022-11-14 13:00:00,16.075,0.0,4.875,61.0,0.775,1.775,196.68,104.64,551472.0,32.3,1
2022-11-14 14:00:00,16.1,0.0,5.7,61.25,0.85,1.61,172.89,128.33,574027.0,38.2,1
2022-11-14 15:00:00,15.475,0.0,5.0,60.0,0.85,1.365,115.75,155.7,581586.0,23.7,1
2022-11-14 16:00:00,15.275,0.0,5.45,62.0,0.85,1.01,44.28,144.31,620599.0,0.0,0
2022-11-14 17:00:00,14.275,0.0,5.925,63.0,0.7,0.375,7.2,140.82,679999.0,0.0,0
2022-11-14 18:00:00,13.475,0.0,5.05,60.5,0.1,0.025,5.38,170.03,742047.0,0.0,0
2022-11-14 19:00:00,13.375,0.0,4.475,61.75,0.0,0.0,7.04,177.35,762799.0,0.0,0
2022-11-14 20:00:00,13.4,0.0,4.275,60.75,0.0,0.0,6.29,172.53,752493.0,0.0,0
2022-11-14 21:00:00,13.275,0.0,4.375,62.5,0.0,0.0,2.16,161.3,735677.0,0.0,0
2022-11-14 22:00:00,12.8,0.0,5.025,64.5,0.0,0.0,0.29,127.29,712421.0,0.0,0
2022-11-14 23:00:00,12.3,0.0,4.0,66.0,0.0,0.0,0.0,118.54,690618.0,0.0,0
2022-11-15 00:00:00,12.125,0.0,4.5,67.25,0.0,0.0,0.0,110.49,670195.0,0.0,0
2022-11-15 01:00:00,11.85,0.0,4.1,67.75,0.0,0.0,0.18,112.73,625895.0,0.0,0
2022-11-15 02:00:00,11.85,0.0,4.475,67.5,0.0,0.0,0.18,115.43,594611.0,0.0,0
2022-11-15 03:00:00,11.725,0.0,4.675,67.75,0.0,0.0,0.17,103.96,573208.0,0.0,0
2022-11-15 04:00:00,11.5,0.0,4.125,68.25,0.0,0.0,0.1,96.94,561529.0,0.0,0
2022-11-15 05:00:00,11.2,0.0,3.775,69.75,0.0,0.0,0.0,99.02,564836.0,0.0,0
2022-11-15 06:00:00,11.175,0.0,2.95,72.5,0.0,0.0,0.01,83.55,584311.0,0.0,0
2022-11-15 07:00:00,11.175,0.0,3.375,73.75,0.0,0.0,7.02,75.95,617005.0,0.0,0
2022-11-15 08:00:00,11.85,0.0,3.55,71.25,0.25,0.115,66.13,66.12,650561.0,0.0,0
2022-11-15 09:00:00,13.175,0.0,2.675,61.5,0.625,0.46,156.18,70.92,648552.0,0.0,0
2022-11-15 10:00:00,14.0,0.0,3.425,55.75,0.75,1.125,209.2,46.36,597671.0,1.8,1
2022-11-15 11:00:00,14.65,0.0,3.475,54.5,0.8,1.54,227.78,38.93,567745.0,9.8,1
2022-11-15 12:00:00,15.05,0.0,3.4,54.25,0.925,1.91,231.1,33.02,541457.0,1.7,1
2022-11-15 13:00:00,15.425,0.0,4.25,54.0,0.925,2.01,215.76,50.23,521831.0,12.9,1
2022-11-15 14:00:00,15.5,0.0,3.875,54.25,0.95,1.775,175.77,61.83,547796.0,12.0,1
2022-11-15 15:00:00,15.375,0.0,3.95,54.5,0.975,1.635,120.88,60.9,579616.0,1.7,1
2022-11-15 16:00:00,14.65,0.0,3.575,56.25,0.825,0.965,42.84,61.46,619735.0,0.0,0
2022-11-15 17:00:00,13.825,0.0,3.65,59.25,0.8,0.38,6.44,59.56,675398.0,0.0,0
2022-11-15 18:00:00,12.8,0.0,3.425,62.75,0.175,0.03,5.31,72.85,741512.0,0.0,0
2022-11-15 19:00:00,12.1,0.0,3.625,66.5,0.0,0.0,7.62,68.05,771006.0,0.0,0
2022-11-15 20:00:00,11.725,0.0,3.375,67.5,0.0,0.0,7.12,65.21,767250.0,0.0,0
2022-11-15 21:00:00,11.7,0.0,3.725,68.75,0.0,0.0,3.67,47.31,753461.0,0.0,0
2022-11-15 22:00:00,11.175,0.0,2.875,71.25,0.0,0.0,0.81,35.84,726801.0,0.0,0
2022-11-15 23:00:00,10.75,0.0,2.375,73.75,0.0,0.0,0.15,32.87,704665.0,0.0,0
2022-11-16 00:00:00,10.25,0.0,1.675,74.25,0.0,0.0,0.0,28.05,680940.0,0.0,0
2022-11-18 01:00:00,15.85,0.0,2.95,76.25,0.0,0.0,0.16,44.1,629046.0,0.0,0
2022-11-18 02:00:00,15.5,0.0,2.975,78.5,0.0,0.0,0.12,32.71,596879.0,0.0,0
2022-11-18 03:00:00,15.075,0.0,2.45,76.75,0.0,0.0,0.12,33.57,577237.0,0.0,0
2022-11-18 04:00:00,15.075,0.0,3.05,76.5,0.0,0.0,0.06,41.21,565919.0,0.0,0
2022-11-18 05:00:00,15.15,0.0,3.2,76.0,0.0,0.0,0.05,59.59,566253.0,0.0,0
2022-11-18 06:00:00,15.325,0.0,3.15,76.25,0.0,0.0,0.02,55.17,587657.0,0.0,0
2022-11-18 07:00:00,15.15,0.0,3.5,78.75,0.0,0.0,6.5,57.42,621617.0,0.0,0
2022-11-18 08:00:00,15.15,0.0,2.925,80.0,0.075,0.075,57.72,50.14,656974.0,0.0,0
2022-11-18 09:00:00,17.1,0.0,2.525,72.5,0.8,0.555,119.85,52.21,654864.0,0.0,0
2022-11-18 10:00:00,18.325,0.0,3.4,68.0,0.75,1.085,170.92,72.43,628305.0,0.0,0
2022-11-18 11:00:00,19.05,0.0,4.125,64.5,0.9,1.685,199.92,54.75,591441.0,0.0,0
2022-11-18 12:00:00,19.325,0.0,4.45,60.5,0.875,1.86,203.42,33.43,564022.0,12.7,1
2022-11-18 13:00:00,19.375,0.0,4.95,61.25,0.9,1.865,208.58,32.27,546786.0,42.1,1
2022-11-18 14:00:00,19.025,0.0,4.8,63.25,0.9,1.635,154.75,58.75,558306.0,42.4,1
2022-11-18 15:00:00,18.55,0.0,4.425,65.25,0.725,1.335,101.06,47.52,595505.0,2.4,1
2022-11-18 16:00:00,18.3,0.0,3.575,64.75,0.65,0.675,41.08,39.44,631234.0,0.0,0
2022-11-18 17:00:00,17.575,0.0,2.8,68.5,0.475,0.305,6.64,25.88,682264.0,0.0,0
2022-11-18 18:00:00,16.85,0.0,2.7,69.75,0.1,0.03,5.37,53.98,738050.0,0.0,0
2022-11-18 19:00:00,16.575,0.0,3.0,74.75,0.0,0.0,7.34,56.09,759675.0,0.0,0
2022-11-18 20:00:00,16.35,0.0,3.0,73.5,0.0,0.0,6.81,57.46,752300.0,0.0,0
2022-11-18 21:00:00,16.6,0.0,2.925,71.5,0.0,0.0,3.43,43.84,740389.0,0.0,0
2022-11-18 22:00:00,16.425,0.0,2.6,73.5,0.0,0.0,0.72,30.94,719481.0,0.0,0
2022-11-18 23:00:00,16.5,0.0,2.925,73.25,0.0,0.0,0.0,30.05,698258.0,0.0,0
2022-11-19 00:00:00,16.725,0.0,2.675,68.5,0.0,0.0,0.0,33.69,672739.0,0.0,0
2022-11-23 01:00:00,15.475,0.0,2.9,90.75,0.0,0.0,0.08,38.45,631022.0,0.0,0
2022-11-23 02:00:00,15.35,0.0,3.85,90.75,0.0,0.0,0.03,65.05,597242.0,0.0,0
2022-11-23 03:00:00,15.025,3.775,3.55,94.0,0.0,0.0,0.0,91.51,573225.0,0.0,0
2022-11-23 04:00:00,14.925,0.0,4.575,93.75,0.0,0.0,0.0,91.69,562365.0,0.0,0
2022-11-23 05:00:00,14.825,0.0,4.325,91.0,0.0,0.0,0.0,124.87,565220.0,0.0,0
2022-11-23 06:00:00,14.925,0.775,4.575,89.5,0.0,0.0,0.0,150.45,582487.0,0.0,0
2022-11-23 07:00:00,14.925,0.0,5.2,86.0,0.0,0.0,1.95,158.89,617573.0,0.0,0
2022-11-23 08:00:00,15.05,0.0,4.725,85.25,0.0,0.02,21.22,140.75,662407.0,0.0,0
2022-11-23 09:00:00,15.375,0.0,4.05,80.5,0.075,0.23,69.5,147.85,699086.0,0.0,0
2022-11-23 10:00:00,15.875,0.0,4.625,78.25,0.275,0.49,111.65,158.95,684978.0,0.0,0
2022-11-23 11:00:00,15.925,0.0,4.85,77.75,0.575,0.805,157.81,149.82,661984.0,0.0,0
2022-11-23 12:00:00,16.55,0.0,5.1,72.75,0.6,1.14,174.57,100.36,625712.0,29.6,1
2022-11-23 13:00:00,16.75,0.0,5.175,71.0,0.725,1.2,174.02,65.46,592322.0,86.2,1
2022-11-23 14:00:00,16.825,0.0,4.725,71.0,0.675,0.92,134.31,96.1,603431.0,117.9,1
2022-11-23 15:00:00,16.35,0.0,4.925,70.75,0.675,0.77,88.05,123.76,624545.0,60.3,1
2022-11-23 16:00:00,16.125,0.0,4.85,68.75,0.75,0.705,33.99,113.99,649178.0,6.0,1
2022-11-23 17:00:00,15.3,0.0,4.6,66.75,0.8,0.365,5.78,114.02,687828.0,0.0,0
2022-11-23 18:00:00,14.375,0.0,4.3,62.5,0.15,0.025,4.49,119.98,754455.0,0.0,0
2022-11-23 19:00:00,13.825,0.0,3.1,63.75,0.0,0.0,5.07,108.52,781616.0,0.0,0
2022-11-23 20:00:00,13.85,0.0,3.0,60.5,0.0,0.0,2.2,107.5,774519.0,0.0,0
2022-11-23 21:00:00,13.45,0.0,3.05,61.0,0.0,0.0,0.5,139.11,758519.0,0.0,0
2022-11-23 22:00:00,12.625,0.0,3.25,62.5,0.0,0.0,0.0,126.42,736135.0,0.0,0
2022-11-23 23:00:00,12.875,0.0,3.1,59.75,0.0,0.0,0.0,88.43,717278.0,0.0,0
2022-11-24 00:00:00,12.775,0.0,3.725,59.25,0.0,0.0,0.0,92.52,698668.0,0.0,0
2022-11-24 01:00:00,12.3,0.0,4.925,61.5,0.0,0.0,0.18,122.27,654054.0,0.0,0
2022-11-24 02:00:00,12.175,0.0,4.3,63.25,0.0,0.0,0.18,168.56,620817.0,0.0,0
2022-11-24 03:00:00,11.8,0.0,3.925,64.25,0.0,0.0,0.13,167.59,597511.0,0.0,0
2022-11-24 04:00:00,11.75,0.0,3.25,66.25,0.0,0.0,0.02,154.5,588118.0,0.0,0
2022-11-24 05:00:00,11.7,0.0,3.05,68.25,0.0,0.0,0.0,136.23,588933.0,0.0,0
2022-11-24 06:00:00,11.175,0.0,3.275,73.0,0.0,0.0,0.0,136.13,610420.0,0.0,0
2022-11-24 07:00:00,11.5,0.0,4.0,72.75,0.0,0.0,7.26,137.77,645013.0,0.0,0
2022-11-24 08:00:00,11.95,0.0,3.0,71.75,0.275,0.07,63.77,111.96,679748.0,0.0,0
2022-11-24 09:00:00,13.65,0.0,2.25,69.0,0.9,0.565,122.3,72.04,655951.0,0.0,0
2022-11-24 10:00:00,15.0,0.0,2.575,65.5,0.75,0.805,173.37,56.28,633798.0,0.0,0
2022-11-24 11:00:00,16.15,0.0,3.45,60.0,0.85,1.505,222.63,9.79,597060.0,9.2,1
2022-11-24 12:00:00,16.675,0.0,2.925,55.0,1.0,1.75,219.18,5.41,563507.0,54.6,1
2022-11-24 13:00:00,17.35,0.0,3.325,52.5,0.95,1.825,207.75,5.62,549448.0,55.1,1
2022-11-24 14:00:00,17.3,0.0,3.65,51.75,0.975,1.69,193.78,8.31,566025.0,47.2,1
2022-11-24 15:00:00,17.7,0.0,3.65,48.25,1.0,1.585,123.78,22.13,571344.0,18.2,1
2022-11-24 16:00:00,17.0,0.0,3.4,52.5,1.0,1.035,38.46,29.62,614778.0,0.0,0
2022-11-24 17:00:00,15.6,0.0,2.225,59.75,1.0,0.39,5.81,13.19,681472.0,0.0,0
2022-11-24 18:00:00,14.125,0.0,2.3,65.5,0.125,0.02,5.36,27.12,753398.0,0.0,0
2022-11-24 19:00:00,12.775,0.0,2.35,67.5,0.0,0.0,7.02,29.26,782858.0,0.0,0
2022-11-24 20:00:00,12.375,0.0,2.275,64.25,0.0,0.0,6.43,18.67,781930.0,0.0,0
2022-11-24 21:00:00,12.4,0.0,2.125,65.0,0.0,0.0,3.31,8.9,770439.0,0.0,0
2022-11-24 22:00:00,12.4,0.0,2.525,66.25,0.0,0.0,0.32,5.44,752522.0,0.0,0
2022-11-24 23:00:00,12.0,0.0,1.975,68.0,0.0,0.0,0.0,2.83,734669.0,0.0,0
2022-11-25 00:00:00,11.75,0.0,2.5,70.5,0.0,0.0,0.0,1.46,719513.0,0.0,0
2022-11-26 01:00:00,15.925,0.0,3.25,74.75,0.0,0.0,0.18,18.46,644707.0,0.0,0
2022-11-26 02:00:00,15.35,0.0,2.6,73.5,0.0,0.0,0.16,23.09,614691.0,0.0,0
2022-11-26 03:00:00,14.95,0.0,2.3,76.75,0.0,0.0,0.12,29.26,588556.0,0.0,0
2022-11-26 04:00:00,14.475,0.0,2.55,78.75,0.0,0.0,0.1,55.22,573329.0,0.0,0
2022-11-26 05:00:00,13.95,0.0,2.75,78.75,0.0,0.0,0.05,48.24,578949.0,0.0,0
2022-11-26 06:00:00,13.725,0.0,2.75,79.75,0.0,0.0,0.17,54.97,594763.0,0.0,0
2022-11-26 07:00:00,13.375,0.0,2.475,80.5,0.0,0.0,5.05,45.05,618432.0,0.0,0
2022-11-26 08:00:00,13.8,0.0,2.475,79.0,0.25,0.06,54.58,33.57,635485.0,0.0,0
2022-11-26 09:00:00,15.975,0.0,1.75,74.5,0.875,0.565,116.56,52.4,604989.0,0.0,0
2022-11-26 10:00:00,17.2,0.0,3.575,72.25,0.75,0.73,136.77,69.0,583833.0,0.0,0
2022-11-26 11:00:00,17.8,0.0,4.3,71.0,0.725,1.11,161.3,75.15,582941.0,0.0,0
2022-11-26 12:00:00,17.825,0.0,4.625,64.5,0.75,1.105,147.84,104.2,563463.0,0.0,0
2022-11-26 13:00:00,17.775,0.0,4.125,55.5,0.75,1.225,214.5,21.7,556802.0,8.7,1
2022-11-26 14:00:00,18.2,0.0,4.475,55.5,0.975,1.785,177.85,39.3,508847.0,65.2,1
2022-11-26 15:00:00,17.625,0.0,5.075,52.75,1.0,1.465,111.76,70.51,527614.0,43.0,1
2022-11-26 16:00:00,17.55,0.0,3.1,52.75,1.0,0.935,35.44,67.09,570475.0,0.0,0
2022-11-26 17:00:00,16.25,0.0,3.775,56.5,1.0,0.35,5.63,108.66,633818.0,0.0,0
2022-11-26 18:00:00,15.025,0.0,3.275,58.5,0.075,0.01,5.23,114.84,716266.0,0.0,0
2022-11-26 19:00:00,14.3,0.0,3.55,58.25,0.0,0.0,6.19,92.71,749103.0,0.0,0
2022-11-26 20:00:00,13.75,0.0,3.225,61.75,0.0,0.0,5.2,73.14,747399.0,0.0,0
2022-11-26 21:00:00,12.65,0.0,3.175,64.0,0.0,0.0,2.21,58.39,738506.0,0.0,0
2022-11-26 22:00:00,12.1,0.0,2.675,65.75,0.0,0.0,0.36,36.23,722114.0,0.0,0
2022-11-26 23:00:00,12.175,0.0,3.175,63.25,0.0,0.0,0.0,46.11,706924.0,0.0,0
2022-11-27 00:00:00,12.2,0.0,2.85,59.5,0.0,0.0,0.0,41.76,692942.0,0.0,0
2022-12-06 01:00:00,4.725,0.0,5.325,60.5,0.0,0.0,0.19,141.8,772228.0,0.0,0
2022-12-06 02:00:00,4.45,0.0,4.0,61.5,0.0,0.0,0.14,141.14,734499.0,0.0,0
2022-12-06 03:00:00,4.8,0.0,4.3,66.75,0.0,0.0,0.14,121.16,710686.0,0.0,0
2022-12-06 04:00:00,4.75,0.0,3.225,65.5,0.0,0.0,0.07,118.93,706170.0,0.0,0
2022-12-06 05:00:00,4.4,0.0,3.35,68.0,0.0,0.0,0.0,138.97,712048.0,0.0,0
2022-12-06 06:00:00,4.225,0.0,4.05,69.5,0.0,0.0,0.05,94.31,725777.0,0.0,0
2022-12-06 07:00:00,4.9,0.0,5.125,65.25,0.0,0.0,2.64,91.39,750460.0,0.0,0
2022-12-06 08:00:00,5.55,0.0,4.65,62.5,0.1,0.02,29.32,60.16,791694.0,0.0,0
2022-12-06 09:00:00,7.9,0.0,5.1,57.25,0.55,0.165,81.87,85.65,805606.0,0.0,0
2022-12-06 10:00:00,9.475,0.0,5.3,50.5,0.55,0.665,149.98,110.65,769530.0,0.0,0
2022-12-06 11:00:00,10.65,0.0,5.7,48.0,0.7,1.15,173.87,116.32,722057.0,0.0,0
2022-12-06 12:00:00,11.2,0.0,5.475,47.25,0.875,1.64,166.16,115.32,694698.0,0.0,0
2022-12-06 13:00:00,11.05,0.0,5.8,47.5,0.6,1.285,193.77,111.13,663118.0,0.0,0
2022-12-06 14:00:00,11.375,0.0,6.625,47.75,0.75,1.53,170.96,82.93,652984.0,16.4,1
2022-12-06 15:00:00,11.2,0.0,6.8,46.25,0.775,1.345,100.36,152.49,670039.0,39.9,1
2022-12-06 16:00:00,10.85,0.0,6.7,47.0,0.775,0.74,28.97,152.91,704723.0,0.0,0
2022-12-06 17:00:00,10.05,0.0,6.15,52.0,0.525,0.215,4.98,133.61,784328.0,0.0,0
2022-12-06 18:00:00,9.275,0.0,5.05,53.75,0.0,0.005,5.16,126.95,865314.0,0.0,0
2022-12-06 19:00:00,8.65,0.0,4.55,55.5,0.0,0.0,6.94,87.0,887450.0,0.0,0
2022-12-06 20:00:00,8.025,0.0,3.475,59.0,0.0,0.0,4.88,58.37,879162.0,0.0,0
2022-12-06 21:00:00,7.275,0.0,4.125,60.25,0.0,0.0,2.64,33.84,861542.0,0.0,0
2022-12-06 22:00:00,7.525,0.0,4.125,58.25,0.0,0.0,0.53,29.87,830859.0,0.0,0
2022-12-06 23:00:00,7.3,0.0,3.925,60.25,0.0,0.0,0.0,24.28,805735.0,0.0,0
2022-12-07 00:00:00,6.95,0.0,3.225,61.25,0.0,0.0,0.0,31.3,787027.0,0.0,0
2022-12-11 01:00:00,10.5,0.0,4.075,69.75,0.0,0.0,0.13,149.19,690938.0,0.0,0
2022-12-11 02:00:00,10.575,0.0,4.775,63.5,0.0,0.0,0.14,152.53,651772.0,0.0,0
2022-12-11 03:00:00,10.55,0.0,4.125,62.5,0.0,0.0,0.14,140.3,635920.0,0.0,0
2022-12-11 04:00:00,10.325,0.0,4.075,62.5,0.0,0.0,0.05,141.15,622507.0,0.0,0
2022-12-11 05:00:00,10.05,0.0,5.6,65.25,0.0,0.0,0.0,181.01,620542.0,0.0,0
2022-12-11 06:00:00,9.7,0.0,6.6,66.75,0.0,0.0,0.0,161.64,641970.0,0.0,0
2022-12-11 07:00:00,9.475,0.0,6.5,62.25,0.0,0.0,0.64,144.5,674138.0,0.0,0
2022-12-11 08:00:00,9.5,0.0,4.625,59.0,0.0,0.0,19.03,169.05,694088.0,0.0,0
2022-12-11 09:00:00,9.625,0.0,7.05,62.75,0.425,0.125,59.93,206.09,684317.0,0.0,0
2022-12-11 10:00:00,9.55,0.0,6.575,61.5,0.35,0.355,124.89,166.58,655101.0,0.0,0
2022-12-11 11:00:00,9.55,0.0,6.95,58.75,0.675,0.845,158.48,104.17,619225.0,46.9,1
2022-12-11 12:00:00,10.025,0.0,5.45,56.0,0.75,1.295,148.12,95.15,587638.0,84.2,1
2022-12-11 13:00:00,9.975,0.0,5.725,52.0,0.525,0.805,125.68,143.45,604179.0,87.7,1
2022-12-11 14:00:00,9.9,0.0,6.325,52.25,0.6,0.835,111.9,164.66,618893.0,43.5,1
2022-12-11 15:00:00,9.5,0.0,5.825,53.5,0.7,0.74,87.27,161.13,623842.0,27.3,1
2022-12-11 16:00:00,9.55,0.0,5.675,54.75,0.85,0.64,31.46,138.89,642619.0,8.9,1
2022-12-11 17:00:00,8.825,0.0,5.5,56.0,0.875,0.305,5.11,110.11,714794.0,0.0,0
2022-12-11 18:00:00,8.1,0.0,5.3,58.25,0.05,0.01,3.84,108.01,812770.0,0.0,0
2022-12-11 19:00:00,7.75,0.0,5.075,59.25,0.0,0.0,3.31,91.99,847244.0,0.0,0
2022-12-11 20:00:00,7.325,0.0,2.95,60.0,0.0,0.0,2.54,70.99,845196.0,0.0,0
2022-12-11 21:00:00,7.175,0.0,2.775,58.5,0.0,0.0,0.9,50.8,831359.0,0.0,0
2022-12-11 22:00:00,7.125,0.0,2.5,57.0,0.0,0.0,0.05,25.7,812352.0,0.0,0
2022-12-11 23:00:00,6.6,0.0,1.95,59.25,0.0,0.0,0.0,29.44,796859.0,0.0,0
2022-12-12 00:00:00,6.275,0.0,2.3,61.75,0.0,0.0,0.0,28.55,782048.0,0.0,0
2022-12-13 01:00:00,9.225,0.0,4.45,55.75,0.0,0.0,0.13,103.81,743459.0,0.0,0
2022-12-13 02:00:00,9.15,0.0,6.325,56.5,0.0,0.0,0.01,126.24,706478.0,0.0,0
2022-12-13 03:00:00,8.9,0.0,6.975,55.75,0.0,0.0,0.0,148.67,679553.0,0.0,0
2022-12-13 04:00:00,8.775,0.0,6.45,54.25,0.0,0.0,0.0,136.88,666577.0,0.0,0
2022-12-13 05:00:00,8.575,0.0,6.9,55.0,0.0,0.0,0.0,142.62,670133.0,0.0,0
2022-12-13 06:00:00,8.175,0.0,5.675,56.5,0.0,0.0,0.0,149.97,690883.0,0.0,0
2022-12-13 07:00:00,7.45,0.0,5.85,58.5,0.0,0.0,2.12,164.27,725177.0,0.0,0
2022-12-13 08:00:00,7.725,0.0,4.525,55.25,0.025,0.02,34.14,175.99,780134.0,0.0,0
2022-12-13 09:00:00,8.825,0.0,6.575,54.5,0.575,0.235,93.35,157.87,801320.0,0.0,0
2022-12-13 10:00:00,10.15,0.0,6.875,48.5,0.875,0.705,130.54,123.61,760530.0,0.0,0
2022-12-13 11:00:00,11.2,0.0,6.15,50.75,0.75,0.805,131.77,121.6,742938.0,0.0,0
2022-12-13 12:00:00,10.725,0.0,5.65,52.0,0.5,0.665,151.6,117.39,731139.0,0.0,0
2022-12-13 13:00:00,11.3,0.0,5.725,47.25,0.65,0.98,186.94,115.57,685300.0,0.9,1
2022-12-13 14:00:00,11.85,0.0,6.525,47.5,0.925,1.415,118.99,129.96,664046.0,6.8,1
2022-12-13 15:00:00,11.075,0.0,6.675,48.75,0.575,0.59,64.96,123.56,715661.0,0.0,0
2022-12-13 16:00:00,10.95,0.0,5.725,51.75,0.6,0.395,20.82,112.15,748120.0,0.0,0
2022-12-13 17:00:00,10.5,0.0,6.075,55.5,0.2,0.17,4.03,117.23,805001.0,0.0,0
2022-12-13 18:00:00,10.025,0.0,7.05,53.5,0.0,0.0,4.54,175.98,881586.0,0.0,0
2022-12-13 19:00:00,10.15,0.0,7.625,52.0,0.0,0.0,3.71,176.22,892064.0,0.0,0
2022-12-13 20:00:00,10.25,0.0,7.7,55.75,0.0,0.0,2.69,179.95,882428.0,0.0,0
2022-12-13 21:00:00,9.675,0.0,8.45,60.25,0.0,0.0,1.73,197.61,851452.0,0.0,0
2022-12-13 22:00:00,8.6,0.0,9.2,53.5,0.0,0.0,0.02,195.5,816995.0,0.0,0
2022-12-13 23:00:00,8.025,0.0,9.5,52.25,0.0,0.0,0.0,203.64,804606.0,0.0,0
2022-12-14 00:00:00,7.175,0.0,9.3,56.25,0.0,0.0,0.0,188.83,789360.0,0.0,0
2022-12-31 01:00:00,0.0,0.0,0.0,0.0,0.0,0.0,0.19,59.53,819888.0,0.0,0
2022-12-31 02:00:00,0.0,0.0,0.0,0.0,0.0,0.0,0.15,77.91,783754.0,0.0,0
2022-12-31 03:00:00,0.0,0.0,0.0,0.0,0.0,0.0,0.14,83.38,766410.0,0.0,0
2022-12-31 04:00:00,0.0,0.0,0.0,0.0,0.0,0.0,0.05,92.26,755261.0,0.0,0
2022-12-31 05:00:00,0.0,0.0,0.0,0.0,0.0,0.0,0.0,115.92,755446.0,0.0,0
2022-12-31 06:00:00,0.0,0.0,0.0,0.0,0.0,0.0,0.0,115.59,768497.0,0.0,0
2022-12-31 07:00:00,0.0,0.0,0.0,0.0,0.0,0.0,0.65,85.03,795191.0,0.0,0
2022-12-31 08:00:00,0.0,0.0,0.0,0.0,0.0,0.0,25.8,75.95,818379.0,0.0,0
2022-12-31 09:00:00,0.0,0.0,0.0,0.0,0.0,0.0,93.24,74.28,797408.0,0.0,0
2022-12-31 10:00:00,0.0,0.0,0.0,0.0,0.0,0.0,163.07,70.91,713436.0,0.0,0
2022-12-31 11:00:00,0.0,0.0,0.0,0.0,0.0,0.0,220.08,72.62,671237.0,0.0,0
2022-12-31 12:00:00,0.0,0.0,0.0,0.0,0.0,0.0,235.35,87.11,626703.0,0.0,0
2022-12-31 13:00:00,0.0,0.0,0.0,0.0,0.0,0.0,236.06,78.2,601160.0,5.1,1
2022-12-31 14:00:00,0.0,0.0,0.0,0.0,0.0,0.0,210.58,89.12,595903.0,15.8,1
2022-12-31 15:00:00,0.0,0.0,0.0,0.0,0.0,0.0,143.7,106.67,602858.0,13.3,1
2022-12-31 16:00:00,0.0,0.0,0.0,0.0,0.0,0.0,49.39,92.31,647150.0,0.0,0
2022-12-31 17:00:00,0.0,0.0,0.0,0.0,0.0,0.0,7.45,80.29,742076.0,0.0,0
2022-12-31 18:00:00,0.0,0.0,0.0,0.0,0.0,0.0,5.54,99.82,871523.0,0.0,0
2022-12-31 19:00:00,0.0,0.0,0.0,0.0,0.0,0.0,7.83,75.43,925843.0,0.0,0
2022-12-31 20:00:00,0.0,0.0,0.0,0.0,0.0,0.0,7.22,71.47,926980.0,0.0,0
2022-12-31 21:00:00,0.0,0.0,0.0,0.0,0.0,0.0,3.75,52.17,921498.0,0.0,0
2022-12-31 22:00:00,0.0,0.0,0.0,0.0,0.0,0.0,0.66,42.18,903747.0,0.0,0
2022-12-31 23:00:00,0.0,0.0,0.0,0.0,0.0,0.0,0.0,52.94,882189.0,0.0,0
2023-01-01 00:00:00,0.0,0.0,0.0,0.0,0.0,0.0,0.0,67.32,873969.0,0.0,0
2023-01-02 01:00:00,6.225,0.0,4.575,56.75,0.0,0.0,0.15,120.04,751817.0,0.0,0
2023-01-02 02:00:00,6.125,0.0,4.225,58.25,0.0,0.0,0.14,111.1,722317.0,0.0,0
2023-01-02 03:00:00,5.95,0.0,4.125,57.5,0.0,0.0,0.14,108.16,695643.0,0.0,0
2023-01-02 04:00:00,5.725,0.0,3.675,60.75,0.0,0.0,0.05,135.73,686117.0,0.0,0
2023-01-02 05:00:00,5.575,0.0,3.675,58.75,0.0,0.0,0.0,150.05,690531.0,0.0,0
2023-01-02 06:00:00,5.325,0.0,4.375,62.0,0.0,0.0,0.0,167.86,714578.0,0.0,0
2023-01-02 07:00:00,5.25,0.0,4.15,61.25,0.0,0.0,0.16,183.75,745840.0,0.0,0
2023-01-02 08:00:00,5.0,0.0,4.875,63.0,0.0,0.0,15.5,167.69,806745.0,0.0,0
2023-01-02 09:00:00,5.225,0.0,4.9,66.0,0.05,0.085,76.21,167.03,872573.0,0.0,0
2023-01-02 10:00:00,6.175,0.0,4.2,62.75,0.5,0.2,126.73,158.01,847297.0,0.0,0
2023-01-02 11:00:00,6.95,0.0,4.75,61.25,0.525,0.425,173.29,157.02,801521.0,0.0,0
2023-01-02 12:00:00,7.0,0.0,5.675,62.5,0.6,0.785,195.76,114.92,761482.0,0.0,0
2023-01-02 13:00:00,7.4,0.0,5.175,60.5,0.675,0.95,179.8,132.47,717985.0,57.6,1
2023-01-02 14:00:00,7.6,0.0,5.3,55.75,0.8,1.225,167.89,150.17,733680.0,18.2,1
2023-01-02 15:00:00,7.225,0.0,5.5,55.5,0.85,1.24,124.0,177.46,740325.0,15.0,1
2023-01-02 16:00:00,6.95,0.0,5.775,57.0,0.95,0.94,49.09,185.7,764678.0,1.8,1
2023-01-02 17:00:00,6.05,0.0,5.6,57.75,0.875,0.42,7.16,189.96,842340.0,0.0,0
2023-01-02 18:00:00,5.125,0.0,5.55,60.5,0.125,0.025,5.44,218.76,957639.0,0.0,0
2023-01-02 19:00:00,4.8,0.0,5.65,60.25,0.0,0.0,6.29,220.37,988800.0,0.0,0
2023-01-02 20:00:00,4.45,0.0,5.275,63.75,0.0,0.0,4.51,189.2,982803.0,0.0,0
2023-01-02 21:00:00,4.075,0.0,4.75,65.25,0.0,0.0,2.26,180.46,964508.0,0.0,0
2023-01-02 22:00:00,4.125,0.0,4.575,66.0,0.0,0.0,0.08,183.43,926876.0,0.0,0
2023-01-02 23:00:00,4.225,0.0,4.5,65.75,0.0,0.0,0.0,156.7,899466.0,0.0,0
2023-01-03 00:00:00,4.25,0.0,4.325,67.5,0.0,0.0,0.0,126.51,875701.0,0.0,0
2023-01-03 01:00:00,4.375,0.0,4.425,67.5,0.0,0.0,0.19,122.01,827209.0,0.0,0
2023-01-03 02:00:00,4.525,0.0,5.25,66.0,0.0,0.0,0.2,135.06,783413.0,0.0,0
2023-01-03 03:00:00,4.725,0.0,4.875,67.0,0.0,0.0,0.15,155.83,755915.0,0.0,0
2023-01-03 04:00:00,4.375,0.0,4.725,65.25,0.0,0.0,0.06,158.97,742469.0,0.0,0
2023-01-03 05:00:00,4.45,0.0,5.2,65.0,0.0,0.0,0.0,176.11,751797.0,0.0,0
2023-01-03 06:00:00,4.3,0.0,5.275,66.25,0.0,0.0,0.14,151.52,767005.0,0.0,0
2023-01-03 07:00:00,4.75,0.0,4.875,65.75,0.0,0.0,0.6,117.13,799054.0,0.0,0
2023-01-03 08:00:00,4.975,0.0,4.65,63.75,0.0,0.0,23.38,146.47,840644.0,0.0,0
2023-01-03 09:00:00,5.675,0.0,5.3,60.75,0.3,0.135,51.08,129.12,867595.0,0.0,0
2023-01-03 10:00:00,6.275,0.0,5.0,59.25,0.2,0.28,121.32,144.63,876017.0,0.0,0
2023-01-03 11:00:00,7.1,0.0,5.65,58.25,0.5,0.675,172.0,133.94,816617.0,0.0,0
2023-01-03 12:00:00,7.55,0.0,5.375,55.0,0.75,1.325,190.62,124.8,771407.0,0.0,0
2023-01-03 13:00:00,7.55,0.0,5.475,56.75,0.85,1.57,189.35,134.19,724979.0,2.7,1
2023-01-03 14:00:00,8.125,0.0,5.475,52.25,0.8,1.365,169.77,154.67,728126.0,1.8,1
2023-01-03 15:00:00,7.65,0.0,5.55,51.5,0.775,0.93,112.45,156.05,739651.0,0.0,0
2023-01-03 16:00:00,7.625,0.0,4.85,53.0,0.725,0.64,40.3,137.58,769093.0,0.0,0
2023-01-03 17:00:00,6.9,0.0,5.175,54.5,0.6,0.205,7.14,132.17,847209.0,0.0,0
2023-01-03 18:00:00,6.075,0.0,5.125,55.25,0.1,0.01,5.39,142.67,952545.0,0.0,0
2023-01-03 19:00:00,5.85,0.0,5.25,59.75,0.0,0.0,7.15,129.75,985725.0,0.0,0
2023-01-03 20:00:00,5.4,0.0,4.95,60.0,0.0,0.0,4.3,124.63,976977.0,0.0,0
2023-01-03 21:00:00,5.35,0.0,5.075,62.75,0.0,0.0,1.79,90.64,957502.0,0.0,0
2023-01-03 22:00:00,5.2,0.0,4.75,62.0,0.0,0.0,0.07,87.5,924989.0,0.0,0
2023-01-03 23:00:00,4.925,0.0,4.225,64.5,0.0,0.0,0.0,79.06,901624.0,0.0,0
2023-01-04 00:00:00,4.8,0.0,4.825,66.75,0.0,0.0,0.0,95.5,886956.0,0.0,0
2023-01-07 01:00:00,9.45,0.0,9.225,62.75,0.0,0.0,0.13,174.87,768487.0,0.0,0
2023-01-07 02:00:00,8.625,0.0,8.325,55.25,0.0,0.0,0.1,165.66,750286.0,0.0,0
2023-01-07 03:00:00,8.15,0.325,8.3,53.0,0.0,0.0,0.0,165.6,735131.0,0.0,0
2023-01-07 04:00:00,8.0,0.0,9.15,46.75,0.0,0.0,0.01,173.21,726283.0,0.0,0
2023-01-07 05:00:00,7.975,0.0,9.075,46.75,0.0,0.0,0.0,208.88,727548.0,0.0,0
2023-01-07 06:00:00,7.825,0.0,10.2,47.0,0.0,0.0,0.0,217.2,740795.0,0.0,0
2023-01-07 07:00:00,7.375,0.0,9.6,48.25,0.0,0.0,0.55,208.78,766854.0,0.0,0
2023-01-07 08:00:00,7.25,0.0,8.15,50.0,0.0,0.005,24.94,201.6,799426.0,0.0,0
2023-01-07 09:00:00,7.675,0.0,7.55,51.0,0.375,0.22,85.81,198.73,797134.0,0.0,0
2023-01-07 10:00:00,8.4,0.0,7.775,49.0,0.775,0.72,156.44,179.0,716088.0,0.0,0
2023-01-07 11:00:00,9.275,0.0,7.775,46.5,0.875,1.25,210.57,67.94,668425.0,44.5,1
2023-01-07 12:00:00,9.8,0.0,7.975,47.5,0.925,1.545,236.25,65.16,630637.0,136.7,1
2023-01-07 13:00:00,10.175,0.0,8.225,46.0,0.975,1.815,230.73,47.01,594130.0,147.0,1
2023-01-07 14:00:00,10.325,0.0,7.65,47.0,0.975,1.82,195.96,72.1,594156.0,160.5,1
2023-01-07 15:00:00,10.3,0.0,6.85,47.0,1.0,1.535,134.47,155.0,606120.0,105.2,1
2023-01-07 16:00:00,10.325,0.0,5.825,49.0,0.975,1.045,52.98,157.74,643034.0,21.5,1
2023-01-07 17:00:00,9.475,0.0,5.05,52.25,1.0,0.495,8.88,132.97,727823.0,0.0,0
2023-01-07 18:00:00,8.45,0.0,4.85,57.0,0.15,0.05,5.09,117.36,849570.0,0.0,0
2023-01-07 19:00:00,7.375,0.0,4.325,60.25,0.0,0.0,7.76,80.51,917513.0,0.0,0
2023-01-07 20:00:00,7.2,0.0,4.625,63.0,0.0,0.0,7.31,78.42,917796.0,0.0,0
2023-01-07 21:00:00,6.375,0.0,3.35,66.75,0.0,0.0,3.93,64.43,906901.0,0.0,0
2023-01-07 22:00:00,5.925,0.0,3.15,68.75,0.0,0.0,1.08,35.71,886041.0,0.0,0
2023-01-07 23:00:00,6.025,0.0,2.95,69.5,0.0,0.0,0.12,30.89,875048.0,0.0,0
2023-01-08 00:00:00,6.0,0.0,2.575,70.25,0.0,0.0,0.0,45.38,868013.0,0.0,0
2023-01-20 01:00:00,6.4,0.0,4.4,60.25,0.0,0.0,0.19,42.27,861165.0,0.0,0
2023-01-20 02:00:00,6.5,0.0,4.45,61.5,0.0,0.0,0.14,53.05,820229.0,0.0,0
2023-01-20 03:00:00,7.0,0.0,4.825,60.25,0.0,0.0,0.07,57.78,789753.0,0.0,0
2023-01-20 04:00:00,6.925,0.0,5.025,58.75,0.0,0.0,0.01,64.29,771234.0,0.0,0
2023-01-20 05:00:00,7.3,0.0,4.85,59.25,0.0,0.0,0.0,89.97,767297.0,0.0,0
2023-01-20 06:00:00,7.225,0.0,5.175,60.5,0.0,0.0,0.0,101.12,782532.0,0.0,0
2023-01-20 07:00:00,8.125,0.0,6.25,64.25,0.0,0.0,0.09,124.22,800928.0,0.0,0
2023-01-20 08:00:00,7.625,0.0,5.075,67.0,0.0,0.01,12.73,131.6,839299.0,0.0,0
2023-01-20 09:00:00,7.4,0.0,5.55,59.5,0.025,0.195,60.58,112.57,896746.0,0.0,0
2023-01-20 10:00:00,7.925,0.0,5.075,51.75,0.7,0.59,127.24,136.44,880287.0,0.0,0
2023-01-20 11:00:00,7.9,0.0,6.275,52.0,0.7,0.9,166.56,187.98,792397.0,0.0,0
2023-01-20 12:00:00,8.025,0.0,5.85,49.75,0.7,1.195,196.63,165.88,750111.0,0.0,0
2023-01-20 13:00:00,7.65,0.0,6.375,49.0,0.725,1.425,194.99,171.39,708219.0,10.4,1
2023-01-20 14:00:00,7.35,0.0,7.0,47.25,0.725,1.47,175.47,184.94,700357.0,15.9,1
2023-01-20 15:00:00,6.6,0.0,6.35,49.5,0.6,1.1,121.23,196.59,703273.0,15.9,1
2023-01-20 16:00:00,5.65,0.0,6.4,50.0,0.475,0.83,62.09,188.13,727701.0,2.2,1
2023-01-20 17:00:00,4.825,0.0,5.5,51.5,0.525,0.425,11.04,175.58,790777.0,0.0,0
2023-01-20 18:00:00,3.85,0.0,5.675,56.0,0.1,0.07,3.65,154.16,919560.0,0.0,0
2023-01-20 19:00:00,3.3,0.0,5.25,55.5,0.0,0.0,7.17,137.21,991625.0,0.0,0
2023-01-20 20:00:00,2.525,0.0,4.3,60.25,0.0,0.0,6.33,143.09,997209.0,0.0,0
2023-01-20 21:00:00,2.425,0.0,4.875,62.25,0.0,0.0,3.81,132.53,984218.0,0.0,0
2023-01-20 22:00:00,2.225,0.0,4.2,62.75,0.0,0.0,1.46,126.53,959988.0,0.0,0
2023-01-20 23:00:00,2.1,0.0,3.85,63.25,0.0,0.0,0.02,129.9,943511.0,0.0,0
2023-01-21 00:00:00,1.925,0.0,3.525,64.25,0.0,0.0,0.0,125.28,932808.0,0.0,0
2023-01-23 01:00:00,8.15,0.0,4.625,82.25,0.0,0.0,0.12,65.59,751735.0,0.0,0
2023-01-23 02:00:00,8.275,0.0,4.925,81.0,0.0,0.0,0.0,68.35,718229.0,0.0,0
2023-01-23 03:00:00,8.35,0.133,4.475,78.0,0.0,0.0,0.0,46.05,694917.0,0.0,0
2023-01-23 04:00:00,8.2,0.0,3.725,76.0,0.0,0.0,0.0,95.54,681981.0,0.0,0
2023-01-23 05:00:00,7.375,0.0,3.0,77.25,0.0,0.0,0.0,93.85,692876.0,0.0,0
2023-01-23 06:00:00,6.375,0.0,2.85,80.25,0.0,0.0,0.0,64.11,725108.0,0.0,0
2023-01-23 07:00:00,6.075,0.0,3.075,78.0,0.0,0.0,0.9,59.66,749407.0,0.0,0
2023-01-23 08:00:00,6.075,0.0,2.3,78.25,0.0,0.005,30.18,57.3,772254.0,0.0,0
2023-01-23 09:00:00,7.525,0.0,2.425,73.5,0.45,0.275,68.72,30.83,732307.0,0.0,0
2023-01-23 10:00:00,9.325,0.0,2.95,70.0,0.475,0.565,86.6,59.04,644123.0,0.0,0
2023-01-23 11:00:00,9.625,0.0,5.275,62.75,0.325,0.7,174.73,96.01,640039.0,0.0,0
2023-01-23 12:00:00,9.9,0.0,5.875,54.25,0.575,1.37,252.63,23.77,593702.0,25.4,1
2023-01-23 13:00:00,10.35,0.0,5.05,51.0,1.0,2.12,218.53,24.1,531514.0,109.5,1
2023-01-23 14:00:00,10.625,0.0,4.925,52.25,0.8,1.755,123.63,69.95,543510.0,93.2,1
2023-01-23 15:00:00,10.175,0.0,4.475,55.25,0.45,1.155,70.42,83.12,598202.0,3.0,1
2023-01-23 16:00:00,9.6,0.0,4.275,54.75,0.075,0.705,34.79,128.17,633583.0,0.0,0
2023-01-23 17:00:00,9.075,0.0,4.475,55.75,0.05,0.35,5.65,178.67,684109.0,0.0,0
2023-01-23 18:00:00,8.5,0.0,5.15,63.25,0.0,0.04,3.8,225.88,784830.0,0.0,0
2023-01-23 19:00:00,7.6,0.0,5.625,62.25,0.0,0.0,7.13,236.86,847006.0,0.0,0
2023-01-23 20:00:00,7.15,0.0,5.8,62.75,0.0,0.0,6.21,236.26,863568.0,0.0,0
2023-01-23 21:00:00,6.9,0.0,5.85,62.5,0.0,0.0,4.05,234.45,856402.0,0.0,0
2023-01-23 22:00:00,6.375,0.0,6.65,60.5,0.0,0.0,0.62,240.58,844997.0,0.0,0
2023-01-23 23:00:00,5.65,0.0,7.75,65.25,0.0,0.0,0.0,241.13,843344.0,0.0,0
2023-01-24 00:00:00,5.1,0.0,6.95,66.0,0.0,0.0,0.0,225.1,839114.0,0.0,0
2023-01-30 01:00:00,6.825,0.0,3.833,53.75,0.0,0.0,0.13,111.95,844688.0,0.0,0
2023-01-30 02:00:00,6.65,0.0,3.867,59.0,0.0,0.0,0.13,121.61,806464.0,0.0,0
2023-01-30 03:00:00,6.025,0.0,3.7,57.75,0.0,0.0,0.0,127.12,784611.0,0.0,0
2023-01-30 04:00:00,5.65,0.0,3.3,55.75,0.0,0.0,0.0,135.06,779789.0,0.0,0
2023-01-30 05:00:00,5.225,0.0,3.167,54.5,0.0,0.0,0.0,131.81,787208.0,0.0,0
2023-01-30 06:00:00,5.125,0.0,3.267,56.75,0.0,0.0,0.0,119.93,806134.0,0.0,0
2023-01-30 07:00:00,4.525,0.0,2.6,58.0,0.0,0.0,1.66,95.94,840038.0,0.0,0
2023-01-30 08:00:00,4.875,0.0,2.633,57.5,0.0,0.02,40.2,74.21,891180.0,0.0,0
2023-01-30 09:00:00,5.85,0.0,3.1,53.75,0.625,0.31,122.52,79.79,895954.0,0.0,0
2023-01-30 10:00:00,6.975,0.0,2.9,49.75,0.8,0.89,189.43,82.77,811951.0,0.0,0
2023-01-30 11:00:00,7.55,0.0,3.233,43.75,0.875,1.535,246.95,70.3,766822.0,0.0,0
2023-01-30 12:00:00,7.95,0.0,3.1,41.5,0.975,2.14,286.06,51.47,714471.0,0.0,0
2023-01-30 13:00:00,8.25,0.0,3.433,39.0,1.0,2.36,283.15,42.78,656853.0,3.8,1
2023-01-30 14:00:00,7.925,0.0,3.533,39.75,1.0,2.345,255.9,51.73,663267.0,3.7,1
2023-01-30 15:00:00,8.0,0.0,3.3,40.5,1.0,2.055,199.43,52.87,672932.0,0.0,0
2023-01-30 16:00:00,8.075,0.0,2.8,41.0,1.0,1.58,109.68,43.23,701262.0,0.0,0
2023-01-30 17:00:00,7.325,0.0,2.3,42.75,1.0,0.935,20.73,32.02,763000.0,0.0,0
2023-01-30 18:00:00,5.675,0.0,2.067,46.25,0.775,0.24,3.05,62.74,885209.0,0.0,0
2023-01-30 19:00:00,4.475,0.0,1.667,51.5,0.0,0.0,7.23,81.27,993897.0,0.0,0
2023-01-30 20:00:00,4.125,0.0,1.6,53.25,0.0,0.0,7.45,58.37,1016714.0,0.0,0
2023-01-30 21:00:00,3.475,0.0,2.9,54.75,0.0,0.0,5.23,34.8,1003659.0,0.0,0
2023-01-30 22:00:00,3.125,0.0,2.233,57.0,0.0,0.0,2.05,31.08,976912.0,0.0,0
2023-01-30 23:00:00,2.725,0.0,1.867,59.5,0.0,0.0,0.13,21.88,958943.0,0.0,0
2023-01-31 00:00:00,2.475,0.0,2.1,61.25,0.0,0.0,0.0,11.07,946228.0,0.0,0
2023-02-01 01:00:00,9.925,0.0,2.033,75.0,0.0,0.0,0.44,92.67,789074.0,0.0,0
2023-02-01 02:00:00,10.65,0.0,2.533,74.25,0.0,0.0,0.2,81.23,744164.0,0.0,0
2023-02-01 03:00:00,10.675,0.0,2.2,76.5,0.0,0.0,0.19,49.13,708870.0,0.0,0
2023-02-01 04:00:00,10.625,0.0,2.467,76.25,0.0,0.0,0.07,17.18,692751.0,0.0,0
2023-02-01 05:00:00,10.425,0.0,2.133,74.5,0.0,0.0,0.05,16.55,701660.0,0.0,0
2023-02-01 06:00:00,9.725,0.0,2.133,78.5,0.0,0.0,0.33,32.89,727157.0,0.0,0
2023-02-01 07:00:00,9.525,0.0,2.2,78.0,0.0,0.0,0.95,49.88,773881.0,0.0,0
2023-02-01 08:00:00,8.45,0.0,1.533,78.5,0.0,0.01,36.41,56.31,836330.0,0.0,0
2023-02-01 09:00:00,10.125,0.0,1.833,79.5,0.55,0.225,117.04,79.64,836137.0,0.0,0
2023-02-01 10:00:00,12.325,0.0,2.633,68.75,0.825,0.865,189.99,105.17,743452.0,0.0,0
2023-02-01 11:00:00,12.425,0.0,3.267,65.75,0.9,1.405,231.4,75.8,700306.0,0.0,0
2023-02-01 12:00:00,12.975,0.0,3.0,59.0,1.0,1.97,240.81,68.18,654106.0,0.0,0
2023-02-01 13:00:00,13.1,0.0,4.167,52.75,1.0,2.08,213.02,115.15,618356.0,21.3,1
2023-02-01 14:00:00,12.65,0.0,4.067,57.25,0.975,1.905,185.4,131.85,642539.0,20.2,1
2023-02-01 15:00:00,12.3,0.0,3.5,57.5,0.9,1.495,105.38,125.76,664137.0,0.2,1
2023-02-01 16:00:00,11.65,0.0,3.667,53.25,0.625,1.075,73.37,163.76,710548.0,0.0,0
2023-02-01 17:00:00,10.925,0.0,3.467,54.25,0.75,0.7,17.38,197.06,740808.0,0.0,0
2023-02-01 18:00:00,8.975,0.0,2.6,61.25,0.125,0.12,3.7,229.86,837174.0,0.0,0
2023-02-01 19:00:00,7.825,0.0,3.0,57.5,0.0,0.0,8.12,221.57,920989.0,0.0,0
2023-02-01 20:00:00,6.9,0.0,3.2,59.75,0.0,0.0,7.36,230.21,938766.0,0.0,0
2023-02-01 21:00:00,6.4,0.0,2.467,60.0,0.0,0.0,5.37,196.89,926142.0,0.0,0
2023-02-01 22:00:00,5.825,0.0,2.867,59.5,0.0,0.0,2.18,184.82,909377.0,0.0,0
2023-02-01 23:00:00,5.625,0.0,3.533,56.75,0.0,0.0,0.12,214.59,889061.0,0.0,0
2023-02-02 00:00:00,5.5,0.0,3.7,59.5,0.0,0.0,0.0,188.1,869587.0,0.0,0
2023-02-02 01:00:00,5.175,0.0,3.033,58.75,0.0,0.0,0.43,201.61,823464.0,0.0,0
2023-02-02 02:00:00,4.875,0.0,3.167,60.5,0.0,0.0,0.2,196.36,788948.0,0.0,0
2023-02-02 03:00:00,4.675,0.0,2.967,60.0,0.0,0.0,0.2,189.83,770767.0,0.0,0
2023-02-02 04:00:00,4.4,0.0,3.0,62.0,0.0,0.0,0.05,180.89,771939.0,0.0,0
2023-02-02 05:00:00,4.075,0.0,3.433,66.25,0.0,0.0,0.0,171.0,781832.0,0.0,0
2023-02-02 06:00:00,3.825,0.0,2.967,66.75,0.0,0.0,0.31,135.56,804646.0,0.0,0
2023-02-02 07:00:00,3.65,0.0,2.233,65.75,0.0,0.0,1.49,121.09,846208.0,0.0,0
2023-02-02 08:00:00,3.6,0.0,2.933,66.5,0.0,0.01,46.75,124.1,898484.0,0.0,0
2023-02-02 09:00:00,5.05,0.0,2.533,60.25,0.875,0.425,145.74,113.14,882144.0,0.0,0
2023-02-02 10:00:00,6.2,0.0,3.533,54.25,1.0,1.125,213.0,104.53,767310.0,0.0,0
2023-02-02 11:00:00,6.75,0.0,3.533,52.25,1.0,1.705,249.45,103.17,715416.0,0.0,0
2023-02-02 12:00:00,6.95,0.0,4.167,49.75,0.975,2.06,262.94,60.82,683634.0,19.4,1
2023-02-02 13:00:00,7.25,0.0,3.633,50.0,0.95,2.165,260.35,49.18,646412.0,67.6,1
2023-02-02 14:00:00,7.375,0.0,3.867,47.5,1.0,2.295,230.19,66.98,646442.0,73.5,1
2023-02-02 15:00:00,7.275,0.0,3.2,47.0,1.0,1.97,143.11,82.98,663954.0,33.4,1
2023-02-02 16:00:00,7.0,0.0,3.267,48.5,0.85,1.44,49.05,86.87,711518.0,0.0,0
2023-02-02 17:00:00,6.25,0.0,2.667,50.0,0.15,0.63,15.9,91.32,806165.0,0.0,0
2023-02-02 18:00:00,5.7,0.0,2.733,55.0,0.05,0.145,3.71,100.89,887486.0,0.0,0
2023-02-02 19:00:00,5.075,0.0,2.267,56.25,0.0,0.0,8.23,95.95,965503.0,0.0,0
2023-02-02 20:00:00,5.025,0.0,2.833,59.0,0.0,0.0,8.04,91.51,983741.0,0.0,0
2023-02-02 21:00:00,4.75,0.0,2.333,61.0,0.0,0.0,5.47,90.46,961903.0,0.0,0
2023-02-02 22:00:00,4.9,0.0,2.467,63.0,0.0,0.0,2.07,93.41,938103.0,0.0,0
2023-02-02 23:00:00,4.825,0.0,2.467,63.75,0.0,0.0,0.14,100.36,907523.0,0.0,0
2023-02-03 00:00:00,4.625,0.0,2.4,61.75,0.0,0.0,0.0,87.87,871723.0,0.0,0
2023-02-03 01:00:00,4.35,0.0,2.933,62.25,0.0,0.0,0.43,91.71,827194.0,0.0,0
2023-02-03 02:00:00,4.475,0.0,2.3,61.0,0.0,0.0,0.2,106.23,778778.0,0.0,0
2023-02-03 03:00:00,4.5,0.0,2.5,62.0,0.0,0.0,0.2,104.76,749252.0,0.0,0
2023-02-03 04:00:00,4.55,0.0,2.433,62.25,0.0,0.0,0.09,119.61,732660.0,0.0,0
2023-02-03 05:00:00,4.475,0.0,2.467,63.75,0.0,0.0,0.05,166.87,734805.0,0.0,0
2023-02-03 06:00:00,4.375,0.0,2.167,63.5,0.0,0.0,0.29,117.0,755689.0,0.0,0
2023-02-03 07:00:00,4.4,0.0,2.1,64.25,0.0,0.0,0.29,142.12,790106.0,0.0,0
2023-02-03 08:00:00,4.625,0.0,2.533,64.75,0.0,0.0,6.63,141.64,839538.0,0.0,0
2023-02-03 09:00:00,4.8,0.0,2.867,63.75,0.0,0.09,68.6,135.43,926655.0,0.0,0
2023-02-03 10:00:00,5.8,0.0,2.8,61.5,0.2,0.51,132.01,125.09,867970.0,0.0,0
2023-02-03 11:00:00,6.575,0.0,3.233,58.75,0.65,1.205,196.39,129.83,792985.0,0.0,0
2023-02-03 12:00:00,6.65,0.0,3.667,57.25,0.65,1.465,222.79,146.4,734764.0,0.2,1
2023-02-03 13:00:00,7.175,0.0,4.333,54.5,0.625,1.31,204.12,166.39,699411.0,18.9,1
2023-02-03 14:00:00,6.825,0.0,4.1,57.5,0.55,1.05,174.82,172.19,717833.0,9.3,1
2023-02-03 15:00:00,6.825,0.0,2.933,58.5,0.55,0.905,135.2,173.73,738740.0,0.0,0
2023-02-03 16:00:00,6.675,0.0,4.667,58.25,0.575,0.755,84.29,160.5,763046.0,0.0,0
2023-02-03 17:00:00,6.25,0.0,4.267,62.0,0.475,0.475,18.1,157.41,796248.0,0.0,0
2023-02-03 18:00:00,5.75,0.0,3.1,63.5,0.3,0.12,3.73,161.49,894147.0,0.0,0
2023-02-03 19:00:00,5.35,0.0,3.367,65.25,0.0,0.0,7.28,123.08,981975.0,0.0,0
2023-02-03 20:00:00,5.0,0.0,2.633,68.0,0.0,0.0,6.25,119.71,983004.0,0.0,0
2023-02-03 21:00:00,4.85,0.0,2.367,68.75,0.0,0.0,4.58,110.4,963127.0,0.0,0
2023-02-03 22:00:00,4.75,0.0,2.0,69.75,0.0,0.0,0.56,107.36,933997.0,0.0,0
2023-02-03 23:00:00,4.775,0.0,2.2,69.75,0.0,0.0,0.0,114.97,906516.0,0.0,0
2023-02-04 00:00:00,4.7,0.0,1.867,70.0,0.0,0.0,0.0,98.39,893591.0,0.0,0
2023-02-04 01:00:00,4.575,0.0,2.233,70.25,0.0,0.0,0.19,99.45,852558.0,0.0,0
2023-02-04 02:00:00,4.55,0.0,2.067,70.5,0.0,0.0,0.2,132.12,812522.0,0.0,0
2023-02-04 03:00:00,4.575,0.0,2.267,69.5,0.0,0.0,0.2,159.87,788990.0,0.0,0
2023-02-04 04:00:00,4.55,0.0,2.5,70.25,0.0,0.0,0.08,156.5,780936.0,0.0,0
2023-02-04 05:00:00,4.3,0.0,2.9,67.25,0.0,0.0,0.0,167.25,782431.0,0.0,0
2023-02-04 06:00:00,4.2,0.0,2.133,69.25,0.0,0.0,0.09,129.97,801010.0,0.0,0
2023-02-04 07:00:00,4.125,0.0,2.467,65.25,0.0,0.0,1.96,106.81,829300.0,0.0,0
2023-02-04 08:00:00,4.0,0.0,2.333,65.0,0.0,0.01,43.25,112.65,861496.0,0.0,0
2023-02-04 09:00:00,5.025,0.0,2.067,61.25,0.675,0.32,134.44,132.98,816388.0,0.0,0
2023-02-04 10:00:00,6.275,0.0,3.367,56.25,0.925,1.06,208.39,132.76,695261.0,0.6,1
2023-02-04 11:00:00,7.1,0.0,3.533,52.75,1.0,1.735,257.81,109.93,644845.0,17.0,1
2023-02-04 12:00:00,7.575,0.0,3.133,51.0,1.0,2.105,272.05,74.16,609096.0,42.1,1
2023-02-04 13:00:00,7.975,0.0,3.467,50.0,1.0,2.3,264.18,60.46,579055.0,63.2,1
2023-02-04 14:00:00,8.2,0.0,3.433,49.25,1.0,2.305,237.85,59.77,577288.0,63.2,1
2023-02-04 15:00:00,8.225,0.0,3.7,51.5,0.975,2.04,179.41,61.83,592389.0,63.2,1
2023-02-04 16:00:00,8.0,0.0,3.467,51.5,0.975,1.465,97.68,85.33,625836.0,54.5,1
2023-02-04 17:00:00,7.625,0.0,3.1,52.5,1.0,0.86,22.54,75.35,714000.0,0.3,1
2023-02-04 18:00:00,6.65,0.0,2.2,57.5,0.6,0.205,3.76,87.24,833196.0,0.0,0
2023-02-04 19:00:00,5.725,0.0,1.6,61.25,0.0,0.0,7.92,81.7,938449.0,0.0,0
2023-02-04 20:00:00,5.325,0.0,2.267,64.75,0.0,0.0,7.72,78.47,954413.0,0.0,0
2023-02-04 21:00:00,5.225,0.0,2.133,63.25,0.0,0.0,5.21,66.23,940579.0,0.0,0
2023-02-04 22:00:00,4.95,0.0,2.3,63.25,0.0,0.0,2.12,47.73,921269.0,0.0,0
2023-02-04 23:00:00,4.4,0.0,1.867,65.5,0.0,0.0,0.14,50.94,910448.0,0.0,0
2023-02-05 00:00:00,3.8,0.0,2.033,66.75,0.0,0.0,0.0,35.72,902520.0,0.0,0
2023-02-07 01:00:00,8.75,0.0,3.4,81.75,0.0,0.0,0.13,41.07,782784.0,0.0,0
2023-02-07 02:00:00,9.275,0.0,2.85,74.25,0.0,0.0,0.04,46.22,746582.0,0.0,0
2023-02-07 03:00:00,9.05,0.0,3.35,73.5,0.0,0.0,0.0,48.82,709761.0,0.0,0
2023-02-07 04:00:00,9.2,0.0,2.625,76.25,0.0,0.0,0.0,53.89,699510.0,0.0,0
2023-02-07 05:00:00,9.5,0.0,2.65,76.5,0.0,0.0,0.0,58.48,692562.0,0.0,0
2023-02-07 06:00:00,9.225,0.167,2.5,79.5,0.0,0.0,0.0,55.52,710164.0,0.0,0
2023-02-07 07:00:00,9.25,0.0,3.2,78.75,0.0,0.0,0.88,73.28,744083.0,0.0,0
2023-02-07 08:00:00,9.45,0.0,3.65,74.5,0.0,0.015,23.92,58.71,795149.0,0.0,0
2023-02-07 09:00:00,10.225,0.0,2.475,75.0,0.125,0.19,30.96,46.41,824249.0,0.0,0
2023-02-07 10:00:00,10.85,0.0,2.425,71.75,0.025,0.285,64.38,45.39,832717.0,0.0,0
2023-02-07 11:00:00,11.775,0.0,3.85,64.25,0.0,0.78,152.74,29.02,801010.0,0.0,0
2023-02-07 12:00:00,12.85,0.0,3.65,62.0,0.4,1.61,242.96,22.48,704132.0,0.0,0
2023-02-07 13:00:00,13.4,0.0,4.4,61.5,0.775,2.185,235.33,20.13,613568.0,1.5,1
2023-02-07 14:00:00,13.6,0.0,4.45,58.75,0.925,2.335,179.61,37.73,619263.0,0.7,1
2023-02-07 15:00:00,12.975,0.0,4.05,60.0,0.625,1.77,155.77,33.08,657945.0,0.0,0
2023-02-07 16:00:00,13.15,0.0,3.8,60.0,0.9,1.535,99.05,36.92,658207.0,0.0,0
2023-02-07 17:00:00,12.525,0.0,3.225,58.0,0.975,0.86,25.97,32.17,705168.0,0.0,0
2023-02-07 18:00:00,11.225,0.0,3.1,60.0,0.7,0.25,3.86,34.81,779037.0,0.0,0
2023-02-07 19:00:00,9.85,0.0,2.775,63.5,0.0,0.005,8.11,32.47,882389.0,0.0,0
2023-02-07 20:00:00,9.1,0.0,2.125,67.25,0.0,0.0,7.13,40.84,912323.0,0.0,0
2023-02-07 21:00:00,8.6,0.0,2.6,68.0,0.0,0.0,4.46,64.51,904305.0,0.0,0
2023-02-07 22:00:00,7.975,0.0,2.725,68.25,0.0,0.0,1.41,72.3,891139.0,0.0,0
2023-02-07 23:00:00,7.6,0.0,3.225,68.5,0.0,0.0,0.13,77.42,876121.0,0.0,0
2023-02-08 00:00:00,7.7,0.0,3.525,68.5,0.0,0.0,0.0,83.83,865553.0,0.0,0
2023-02-08 01:00:00,7.65,0.0,3.875,71.0,0.0,0.0,0.19,79.13,821477.0,0.0,0
2023-02-08 02:00:00,7.225,0.0,3.975,71.25,0.0,0.0,0.2,104.72,782454.0,0.0,0
2023-02-08 03:00:00,6.95,0.0,4.275,67.5,0.0,0.0,0.14,147.78,762146.0,0.0,0
2023-02-08 04:00:00,6.8,0.0,3.55,67.75,0.0,0.0,0.05,110.72,753735.0,0.0,0
2023-02-08 05:00:00,6.775,0.0,4.05,66.5,0.0,0.0,0.0,163.74,752516.0,0.0,0
2023-02-08 06:00:00,6.5,0.0,3.6,65.25,0.0,0.0,0.15,165.53,766554.0,0.0,0
2023-02-08 07:00:00,6.275,0.0,3.65,66.5,0.0,0.0,3.43,136.18,804973.0,0.0,0
2023-02-08 08:00:00,6.45,0.0,3.45,66.75,0.075,0.045,57.63,86.95,852238.0,0.0,0
2023-02-08 09:00:00,8.25,0.0,3.175,60.0,1.0,0.525,152.8,64.82,808297.0,0.0,0
2023-02-08 10:00:00,10.675,0.0,2.8,49.75,1.0,1.17,216.24,65.6,719047.0,0.0,0
2023-02-08 11:00:00,11.475,0.0,3.4,46.5,1.0,1.765,266.22,52.44,678467.0,0.0,0
2023-02-08 12:00:00,12.325,0.0,4.125,43.0,1.0,2.27,288.07,12.87,626702.0,3.2,1
2023-02-08 13:00:00,12.475,0.0,4.35,42.25,1.0,2.455,286.86,9.28,585669.0,52.3,1
2023-02-08 14:00:00,12.425,0.0,4.975,39.0,1.0,2.385,254.4,20.16,594062.0,52.5,1
2023-02-08 15:00:00,12.55,0.0,4.3,36.25,1.0,2.065,175.16,76.1,608759.0,43.6,1
2023-02-08 16:00:00,11.8,0.0,4.425,42.0,0.975,1.45,107.71,114.07,648576.0,11.2,1
2023-02-08 17:00:00,11.325,0.0,3.975,40.5,0.975,0.875,25.31,94.13,702543.0,0.0,0
2023-02-08 18:00:00,9.625,0.0,3.175,45.75,0.275,0.23,3.91,125.35,800904.0,0.0,0
2023-02-08 19:00:00,9.275,0.0,4.075,48.25,0.0,0.005,8.13,111.61,904010.0,0.0,0
2023-02-08 20:00:00,9.25,0.0,4.1,52.0,0.0,0.0,8.0,110.21,910815.0,0.0,0
2023-02-08 21:00:00,8.925,0.0,3.475,48.75,0.0,0.0,5.51,91.66,891809.0,0.0,0
2023-02-08 22:00:00,8.5,0.0,3.1,50.25,0.0,0.0,2.27,85.45,866414.0,0.0,0
2023-02-08 23:00:00,7.975,0.0,2.6,50.5,0.0,0.0,0.15,69.56,856475.0,0.0,0
2023-02-09 00:00:00,7.925,0.0,2.425,50.25,0.0,0.0,0.0,53.54,834333.0,0.0,0
2023-02-10 01:00:00,9.4,0.0,5.55,94.75,0.0,0.0,0.16,163.91,767984.0,0.0,0
2023-02-10 02:00:00,8.8,0.0,7.45,90.75,0.0,0.0,0.14,184.57,734250.0,0.0,0
2023-02-10 03:00:00,8.35,11.2,6.75,87.75,0.0,0.0,0.06,152.79,717853.0,0.0,0
2023-02-10 04:00:00,8.55,0.0,5.6,86.75,0.0,0.0,0.02,98.53,708265.0,0.0,0
2023-02-10 05:00:00,9.65,0.0,4.525,80.5,0.0,0.0,0.0,79.74,700953.0,0.0,0
2023-02-10 06:00:00,9.925,0.633,2.675,82.5,0.0,0.0,0.0,77.63,705693.0,0.0,0
2023-02-10 07:00:00,9.475,0.0,4.35,90.5,0.0,0.0,0.27,134.53,727682.0,0.0,0
2023-02-10 08:00:00,8.775,0.0,5.65,90.25,0.0,0.0,15.24,118.01,779296.0,0.0,0
2023-02-10 09:00:00,8.8,0.0,4.75,87.25,0.075,0.15,54.37,126.37,833756.0,0.0,0
2023-02-10 10:00:00,9.65,0.0,3.775,83.25,0.15,0.465,133.33,126.54,807338.0,0.0,0
2023-02-10 11:00:00,10.35,0.0,4.85,77.0,0.275,1.02,174.22,146.69,741806.0,0.0,0
2023-02-10 12:00:00,10.25,0.0,4.525,75.5,0.225,1.025,168.67,134.78,707281.0,2.6,1
2023-02-10 13:00:00,10.275,0.0,5.35,73.0,0.525,0.97,182.26,114.97,693797.0,22.2,1
2023-02-10 14:00:00,10.675,0.0,4.925,70.25,0.55,1.16,153.29,134.71,691195.0,20.2,1
2023-02-10 15:00:00,10.875,0.0,4.625,69.75,0.575,1.03,124.62,153.0,701138.0,0.0,0
2023-02-10 16:00:00,10.275,0.0,5.025,69.25,0.525,0.635,74.55,127.07,717018.0,0.0,0
2023-02-10 17:00:00,9.825,0.0,4.275,71.0,0.5,0.315,18.44,129.26,758151.0,0.0,0
2023-02-10 18:00:00,9.05,0.0,3.8,73.5,0.25,0.04,3.51,156.35,817852.0,0.0,0
2023-02-10 19:00:00,8.35,0.0,3.525,74.25,0.0,0.005,6.55,154.97,894850.0,0.0,0
2023-02-10 20:00:00,7.925,0.0,3.0,76.0,0.0,0.0,5.48,150.55,917023.0,0.0,0
2023-02-10 21:00:00,7.35,0.0,3.95,78.5,0.0,0.0,2.57,136.25,902811.0,0.0,0
2023-02-10 22:00:00,6.925,0.0,3.6,78.25,0.0,0.0,0.25,125.91,889420.0,0.0,0
2023-02-10 23:00:00,7.0,0.0,3.25,81.0,0.0,0.0,0.0,105.82,875929.0,0.0,0
2023-02-11 00:00:00,6.575,0.0,2.525,81.75,0.0,0.0,0.0,43.18,855123.0,0.0,0
2023-02-14 01:00:00,6.7,0.0,5.1,84.0,0.0,0.0,0.15,119.56,807815.0,0.0,0
2023-02-14 02:00:00,6.6,0.0,5.45,82.75,0.0,0.0,0.12,133.76,767795.0,0.0,0
2023-02-14 03:00:00,6.35,0.0,5.775,84.0,0.0,0.0,0.0,126.3,747660.0,0.0,0
2023-02-14 04:00:00,6.275,0.0,5.475,84.25,0.0,0.0,0.01,136.61,738882.0,0.0,0
2023-02-14 05:00:00,6.175,0.0,6.325,82.25,0.0,0.0,0.0,151.34,737468.0,0.0,0
2023-02-14 06:00:00,5.95,0.0,5.0,79.75,0.0,0.0,0.01,126.6,758641.0,0.0,0
2023-02-14 07:00:00,6.05,0.0,4.45,79.0,0.0,0.0,3.23,136.12,791131.0,0.0,0
2023-02-14 08:00:00,5.85,0.0,4.575,77.5,0.0,0.04,47.67,171.8,835639.0,0.0,0
2023-02-14 09:00:00,6.4,0.0,4.375,68.75,0.4,0.355,130.62,170.23,823144.0,0.0,0
2023-02-14 10:00:00,7.0,0.0,4.475,64.75,0.75,0.835,186.34,149.09,758548.0,0.0,0
2023-02-14 11:00:00,7.425,0.0,5.2,62.75,0.6,1.21,239.96,124.79,725936.0,0.0,0
2023-02-14 12:00:00,7.9,0.0,5.325,60.0,0.875,1.985,282.12,30.99,677096.0,48.8,1
2023-02-14 13:00:00,8.275,0.0,6.0,57.75,0.975,2.5,287.37,12.13,612260.0,154.6,1
2023-02-14 14:00:00,8.525,0.0,5.7,55.5,0.975,2.495,263.08,28.51,610742.0,163.0,1
2023-02-14 15:00:00,8.5,0.0,5.9,55.5,1.0,2.265,210.9,86.2,620122.0,141.2,1
2023-02-14 16:00:00,8.1,0.0,5.6,56.25,0.975,1.73,124.42,142.06,645827.0,74.7,1
2023-02-14 17:00:00,7.525,0.0,5.75,58.75,0.875,0.935,35.46,153.02,717149.0,5.1,1
2023-02-14 18:00:00,6.65,0.0,5.5,61.5,0.525,0.305,4.39,144.05,821553.0,0.0,0
2023-02-14 19:00:00,5.975,0.0,4.9,64.75,0.0,0.01,8.13,140.72,934622.0,0.0,0
2023-02-14 20:00:00,5.525,0.0,5.225,66.75,0.0,0.0,8.03,142.09,961922.0,0.0,0
2023-02-14 21:00:00,5.2,0.0,4.35,69.25,0.0,0.0,5.49,132.34,953985.0,0.0,0
2023-02-14 22:00:00,4.85,0.0,3.775,70.5,0.0,0.0,2.29,137.14,929655.0,0.0,0
2023-02-14 23:00:00,4.55,0.0,4.275,71.25,0.0,0.0,0.14,142.29,912350.0,0.0,0
2023-02-15 00:00:00,4.575,0.0,3.825,68.0,0.0,0.0,0.0,107.58,899756.0,0.0,0
2023-02-19 01:00:00,12.875,0.0,3.625,96.0,0.0,0.0,0.15,37.56,704307.0,0.0,0
2023-02-19 02:00:00,12.775,0.0,5.45,96.75,0.0,0.0,0.02,113.17,667183.0,0.0,0
2023-02-19 03:00:00,12.45,1.425,7.1,93.5,0.0,0.0,0.0,155.76,650402.0,0.0,0
2023-02-19 04:00:00,11.6,0.0,7.025,91.0,0.0,0.0,0.0,177.46,644820.0,0.0,0
2023-02-19 05:00:00,10.65,0.0,8.15,89.5,0.0,0.0,0.0,199.85,651354.0,0.0,0
2023-02-19 06:00:00,10.225,0.675,7.725,84.5,0.0,0.0,0.0,229.72,675030.0,0.0,0
2023-02-19 07:00:00,10.225,0.0,7.075,80.5,0.0,0.0,0.64,219.0,700686.0,0.0,0
2023-02-19 08:00:00,9.825,0.0,7.775,77.75,0.0,0.025,25.47,179.38,726428.0,0.0,0
2023-02-19 09:00:00,10.125,0.0,7.125,75.75,0.25,0.235,42.95,187.79,714291.0,0.0,0
2023-02-19 10:00:00,10.45,0.0,6.675,72.25,0.275,0.41,66.68,184.45,681964.0,0.0,0
2023-02-19 11:00:00,10.3,0.0,6.95,72.0,0.125,0.65,86.38,183.92,682052.0,0.0,0
2023-02-19 12:00:00,9.725,0.0,7.625,67.25,0.075,1.01,138.31,149.1,660154.0,1.5,1
2023-02-19 13:00:00,9.425,0.0,8.05,65.5,0.325,0.8,122.0,171.41,634660.0,37.4,1
2023-02-19 14:00:00,8.575,0.0,6.75,63.5,0.3,0.69,114.57,201.93,648671.0,10.3,1
2023-02-19 15:00:00,7.975,0.0,6.825,65.5,0.4,0.72,103.64,216.93,649564.0,0.0,0
2023-02-19 16:00:00,7.875,0.0,7.275,62.0,0.5,0.595,74.2,224.18,656720.0,0.0,0
2023-02-19 17:00:00,7.2,0.0,6.05,65.0,0.575,0.62,29.61,202.24,684427.0,0.0,0
2023-02-19 18:00:00,6.35,0.0,5.375,65.75,0.225,0.22,3.95,216.83,771727.0,0.0,0
2023-02-19 19:00:00,5.8,0.0,5.575,66.25,0.0,0.01,5.58,219.1,886966.0,0.0,0
2023-02-19 20:00:00,5.4,0.0,5.85,66.75,0.0,0.0,3.32,217.22,924763.0,0.0,0
2023-02-19 21:00:00,5.525,0.0,5.6,67.25,0.0,0.0,0.59,216.0,922652.0,0.0,0
2023-02-19 22:00:00,4.85,0.0,5.95,67.75,0.0,0.0,0.0,201.45,905657.0,0.0,0
2023-02-19 23:00:00,4.75,0.0,5.225,66.25,0.0,0.0,0.0,197.26,895007.0,0.0,0
2023-02-20 00:00:00,4.725,0.0,4.8,69.0,0.0,0.0,0.0,183.49,876114.0,0.0,0
2023-02-20 01:00:00,4.725,0.0,5.425,68.0,0.0,0.0,0.17,188.87,838203.0,0.0,0
2023-02-20 02:00:00,4.9,0.0,5.25,65.75,0.0,0.0,0.12,178.84,800524.0,0.0,0
2023-02-20 03:00:00,4.825,0.0,4.85,67.5,0.0,0.0,0.0,184.81,780332.0,0.0,0
2023-02-20 04:00:00,4.75,0.0,5.05,66.75,0.0,0.0,0.0,171.59,768284.0,0.0,0
2023-02-20 05:00:00,4.85,0.0,5.725,60.25,0.0,0.0,0.0,136.52,772312.0,0.0,0
2023-02-20 06:00:00,4.7,0.0,4.675,56.75,0.0,0.0,0.03,153.73,793188.0,0.0,0
2023-02-20 07:00:00,4.8,0.0,4.775,60.25,0.0,0.0,7.41,124.5,830368.0,0.0,0
2023-02-20 08:00:00,5.2,0.0,4.525,60.5,0.225,0.09,80.1,111.78,864884.0,0.0,0
2023-02-20 09:00:00,6.65,0.0,5.025,54.0,0.925,0.64,175.44,155.8,795815.0,0.0,0
2023-02-20 10:00:00,7.7,0.0,5.775,49.0,0.975,1.415,243.99,132.81,711737.0,0.0,0
2023-02-20 11:00:00,8.35,0.0,4.4,49.5,1.0,2.19,289.34,68.17,673939.0,36.9,1
2023-02-20 12:00:00,9.125,0.0,5.0,49.0,1.0,2.58,283.68,42.81,633818.0,91.0,1
2023-02-20 13:00:00,9.525,0.0,5.35,46.5,0.9,2.51,229.8,98.2,614413.0,113.5,1
2023-02-20 14:00:00,9.1,0.0,6.5,50.5,0.675,1.815,179.75,155.54,666958.0,69.1,1
2023-02-20 15:00:00,9.325,0.0,7.05,47.75,0.625,1.55,162.05,184.65,684690.0,10.8,1
2023-02-20 16:00:00,8.825,0.0,6.825,47.5,0.825,1.65,107.68,204.05,684671.0,0.0,0
2023-02-20 17:00:00,7.15,0.0,7.075,50.0,0.75,0.89,27.13,200.29,735086.0,0.0,0
2023-02-20 18:00:00,5.8,0.0,7.825,52.0,0.4,0.25,4.34,194.16,841759.0,0.0,0
2023-02-20 19:00:00,4.575,0.0,7.025,54.5,0.0,0.01,8.11,197.24,955191.0,0.0,0
2023-02-20 20:00:00,4.075,0.0,6.025,55.25,0.0,0.0,7.68,183.91,985936.0,0.0,0
2023-02-20 21:00:00,3.425,0.0,5.95,56.0,0.0,0.0,4.76,178.82,976627.0,0.0,0
2023-02-20 22:00:00,2.875,0.0,5.775,56.25,0.0,0.0,1.43,176.77,955182.0,0.0,0
2023-02-20 23:00:00,2.725,0.0,5.7,55.0,0.0,0.0,0.06,167.97,944775.0,0.0,0
2023-02-21 00:00:00,2.5,0.0,5.825,57.25,0.0,0.0,0.0,169.56,927792.0,0.0,0
2023-02-21 01:00:00,2.4,0.0,5.825,57.5,0.0,0.0,0.38,170.81,879559.0,0.0,0
2023-02-21 02:00:00,2.2,0.0,5.425,56.75,0.0,0.0,0.2,180.54,840630.0,0.0,0
2023-02-21 03:00:00,2.1,0.0,5.45,59.25,0.0,0.0,0.18,178.68,817317.0,0.0,0
2023-02-21 04:00:00,1.725,0.0,6.7,58.5,0.0,0.0,0.07,168.98,809140.0,0.0,0
2023-02-21 05:00:00,1.675,0.0,5.65,61.25,0.0,0.0,0.05,182.93,813320.0,0.0,0
2023-02-21 06:00:00,1.3,0.0,6.125,58.5,0.0,0.0,0.32,165.54,833904.0,0.0,0
2023-02-21 07:00:00,1.25,0.0,5.6,59.25,0.0,0.0,7.57,162.66,871999.0,0.0,0
2023-02-21 08:00:00,1.325,0.0,4.775,60.25,0.175,0.05,69.96,150.58,913079.0,0.0,0
2023-02-21 09:00:00,2.25,0.0,5.175,56.25,0.65,0.39,160.42,149.47,876324.0,0.0,0
2023-02-21 10:00:00,3.45,0.0,5.975,48.75,0.775,1.09,224.61,143.97,783297.0,0.0,0
2023-02-21 11:00:00,4.025,0.0,5.7,48.0,0.85,1.755,281.07,117.19,740331.0,0.0,0
2023-02-21 12:00:00,4.65,0.0,4.9,49.25,0.925,2.355,313.45,49.05,691379.0,13.7,1
2023-02-21 13:00:00,5.45,0.0,4.3,44.0,1.0,2.82,309.03,32.66,636183.0,47.7,1
2023-02-21 14:00:00,5.625,0.0,4.225,43.75,1.0,2.76,264.76,43.59,643660.0,44.7,1
2023-02-21 15:00:00,5.5,0.0,4.625,43.25,1.0,2.315,198.98,47.64,665214.0,1.6,1
2023-02-21 16:00:00,5.475,0.0,4.5,45.0,0.825,1.585,129.93,41.22,702901.0,0.0,0
2023-02-21 17:00:00,5.275,0.0,3.975,42.5,1.0,1.16,48.12,29.01,742781.0,0.0,0
2023-02-21 18:00:00,4.525,0.0,2.7,45.0,0.9,0.485,4.6,24.56,843993.0,0.0,0
2023-02-21 19:00:00,3.2,0.0,2.475,48.25,0.05,0.015,7.74,16.95,984864.0,0.0,0
2023-02-21 20:00:00,2.9,0.0,2.55,50.5,0.0,0.0,7.96,19.27,1024913.0,0.0,0
2023-02-21 21:00:00,2.5,0.0,2.925,53.0,0.0,0.0,5.8,12.08,1011269.0,0.0,0
2023-02-21 22:00:00,2.775,0.0,2.7,57.5,0.0,0.0,2.39,8.33,979964.0,0.0,0
2023-02-21 23:00:00,2.95,0.0,2.95,61.5,0.0,0.0,0.61,11.01,955056.0,0.0,0
2023-02-22 00:00:00,3.425,0.0,2.55,62.5,0.0,0.0,0.08,12.54,928348.0,0.0,0
2023-02-24 01:00:00,6.95,0.0,2.525,88.5,0.0,0.0,0.39,53.66,786630.0,0.0,0
2023-02-24 02:00:00,6.875,0.0,2.5,89.25,0.0,0.0,0.41,59.5,749241.0,0.0,0
2023-02-24 03:00:00,6.925,2.1,3.05,86.0,0.0,0.0,0.37,87.16,724768.0,0.0,0
2023-02-24 04:00:00,6.925,0.0,3.425,85.75,0.0,0.0,0.15,111.9,713677.0,0.0,0
2023-02-24 05:00:00,7.2,0.0,4.25,81.75,0.0,0.0,0.01,158.91,711872.0,0.0,0
2023-02-24 06:00:00,7.375,0.867,4.6,77.75,0.0,0.0,0.03,162.51,730909.0,0.0,0
2023-02-24 07:00:00,7.55,0.0,4.475,73.75,0.0,0.0,1.79,155.15,765273.0,0.0,0
2023-02-24 08:00:00,7.7,0.0,3.825,69.75,0.0,0.03,21.3,138.54,810394.0,0.0,0
2023-02-24 09:00:00,8.125,0.0,4.275,68.0,0.0,0.245,64.98,130.83,842313.0,0.0,0
2023-02-24 10:00:00,9.125,0.0,3.85,67.5,0.175,0.775,131.44,128.41,796769.0,0.0,0
2023-02-24 11:00:00,9.925,0.0,4.1,64.0,0.15,1.015,160.62,116.15,742024.0,0.0,0
2023-02-24 12:00:00,10.475,0.0,4.325,59.0,0.3,1.285,200.42,109.87,712416.0,0.0,0
2023-02-24 13:00:00,11.05,0.0,4.5,53.75,0.625,1.915,224.13,107.43,664706.0,0.0,0
2023-02-24 14:00:00,11.5,0.0,4.025,50.75,0.85,2.085,214.26,82.39,652152.0,23.1,1
2023-02-24 15:00:00,11.625,0.0,5.225,53.75,1.0,2.22,181.47,100.97,645679.0,40.0,1
2023-02-24 16:00:00,11.5,0.0,4.275,56.25,1.0,1.8,123.64,149.05,652937.0,25.9,1
2023-02-24 17:00:00,11.0,0.0,5.05,57.5,1.0,1.115,43.65,175.87,687099.0,0.0,0
2023-02-24 18:00:00,9.825,0.0,5.6,53.25,0.825,0.43,5.76,185.77,771681.0,0.0,0
2023-02-24 19:00:00,9.2,0.0,5.525,51.25,0.0,0.025,8.14,196.53,888929.0,0.0,0
2023-02-24 20:00:00,8.65,0.0,5.65,50.0,0.0,0.0,7.79,198.13,929894.0,0.0,0
2023-02-24 21:00:00,8.325,0.0,5.55,50.75,0.0,0.0,4.93,171.01,921211.0,0.0,0
2023-02-24 22:00:00,7.8,0.0,6.05,51.75,0.0,0.0,1.25,198.4,904235.0,0.0,0
2023-02-24 23:00:00,7.125,0.0,4.825,50.25,0.0,0.0,0.01,168.98,893954.0,0.0,0
2023-02-25 00:00:00,6.85,0.0,5.3,54.5,0.0,0.0,0.0,148.03,887443.0,0.0,0
2023-02-25 01:00:00,6.55,0.0,5.175,55.25,0.0,0.0,0.39,158.39,837441.0,0.0,0
2023-02-25 02:00:00,5.95,0.0,5.35,60.5,0.0,0.0,0.43,160.33,801538.0,0.0,0
2023-02-25 03:00:00,5.25,0.0,5.8,65.25,0.0,0.0,0.43,169.85,780299.0,0.0,0
2023-02-25 04:00:00,5.075,0.0,5.375,62.5,0.0,0.0,0.15,193.25,768661.0,0.0,0
2023-02-25 05:00:00,4.9,0.0,5.3,63.0,0.0,0.0,0.05,187.48,774724.0,0.0,0
2023-02-25 06:00:00,4.675,0.0,5.7,61.75,0.0,0.0,0.16,197.08,792433.0,0.0,0
2023-02-25 07:00:00,4.45,0.0,5.15,61.25,0.0,0.0,7.69,191.71,817421.0,0.0,0
2023-02-25 08:00:00,4.525,0.0,5.55,62.5,0.1,0.055,61.34,176.14,830826.0,0.0,0
2023-02-25 09:00:00,5.5,0.0,6.075,59.0,0.575,0.345,127.59,179.43,757240.0,0.0,0
2023-02-25 10:00:00,5.725,0.0,5.8,55.5,0.525,0.395,179.26,114.16,692487.0,44.6,1
2023-02-25 11:00:00,5.725,0.0,6.35,56.0,0.55,0.725,225.9,90.64,691365.0,109.5,1
2023-02-25 12:00:00,6.1,0.0,7.125,54.5,0.55,1.01,253.91,57.94,656610.0,124.4,1
2023-02-25 13:00:00,6.475,0.0,7.525,52.25,0.65,1.52,258.19,23.7,622167.0,158.8,1
2023-02-25 14:00:00,6.95,0.0,7.325,55.25,0.75,1.945,229.36,45.55,609273.0,187.2,1
2023-02-25 15:00:00,6.725,0.0,7.45,50.75,0.675,1.455,199.4,62.77,616615.0,162.9,1
2023-02-25 16:00:00,6.55,0.0,7.15,49.0,0.8,1.56,134.24,148.87,630836.0,135.0,1
2023-02-25 17:00:00,5.95,0.0,7.55,52.25,0.775,0.95,50.59,202.25,678504.0,47.2,1
2023-02-25 18:00:00,4.975,0.0,6.275,53.75,0.725,0.47,5.68,236.71,804178.0,5.2,1
2023-02-25 19:00:00,4.35,0.0,6.2,54.25,0.025,0.02,7.67,234.15,945991.0,0.0,0
2023-02-25 20:00:00,4.25,0.0,6.525,54.75,0.0,0.0,6.23,227.08,978542.0,0.0,0
2023-02-25 21:00:00,3.85,0.0,5.775,58.25,0.0,0.0,4.36,218.44,972469.0,0.0,0
2023-02-25 22:00:00,3.8,0.0,6.225,56.0,0.0,0.0,0.51,213.17,955056.0,0.0,0
2023-02-25 23:00:00,3.5,0.0,5.525,58.25,0.0,0.0,0.0,208.04,938003.0,0.0,0
2023-02-26 00:00:00,3.325,0.0,4.875,61.5,0.0,0.0,0.0,172.45,923559.0,0.0,0
2023-02-26 01:00:00,3.05,0.0,5.4,61.25,0.0,0.0,0.39,172.55,880505.0,0.0,0
2023-02-26 02:00:00,3.1,0.0,4.8,61.0,0.0,0.0,0.39,138.23,845513.0,0.0,0
2023-02-26 03:00:00,2.925,0.0,4.225,61.75,0.0,0.0,0.19,110.44,824476.0,0.0,0
2023-02-26 04:00:00,2.95,0.0,3.7,61.75,0.0,0.0,0.05,97.3,809050.0,0.0,0
2023-02-26 05:00:00,2.675,0.0,3.55,64.0,0.0,0.0,0.0,101.57,808568.0,0.0,0
2023-02-26 06:00:00,2.625,0.0,3.55,66.25,0.0,0.0,0.16,118.23,820200.0,0.0,0
2023-02-26 07:00:00,2.65,0.0,3.625,67.25,0.0,0.0,11.95,120.81,840600.0,0.0,0
2023-02-26 08:00:00,3.375,0.0,2.775,66.25,0.325,0.09,92.61,111.87,833063.0,0.0,0
2023-02-26 09:00:00,5.2,0.0,3.675,57.25,0.85,0.705,192.64,89.69,706496.0,0.0,0
2023-02-26 10:00:00,6.325,0.0,3.5,52.75,0.95,1.49,254.99,16.53,598468.0,0.0,0
2023-02-26 11:00:00,7.1,0.0,4.275,48.5,1.0,2.315,261.34,5.2,565817.0,0.0,0
2023-02-26 12:00:00,8.0,0.0,4.4,45.0,1.0,2.775,250.8,4.84,551311.0,0.0,0
2023-02-26 13:00:00,8.425,0.0,4.3,42.5,1.0,3.02,239.82,5.62,537227.0,0.0,0
2023-02-26 14:00:00,8.775,0.0,4.875,39.75,1.0,2.985,223.98,4.59,535785.0,79.4,1
2023-02-26 15:00:00,8.825,0.0,4.7,41.5,1.0,2.695,212.11,6.42,542660.0,0.0,0
2023-02-26 16:00:00,8.9,0.0,4.475,41.75,1.0,2.145,152.61,46.37,560554.0,0.0,0
2023-02-26 17:00:00,8.85,0.0,3.825,42.25,1.0,1.39,57.59,72.42,604892.0,0.0,0
2023-02-26 18:00:00,8.0,0.0,2.55,45.5,0.925,0.575,6.29,58.13,711782.0,0.0,0
2023-02-26 19:00:00,6.575,0.0,1.925,50.25,0.175,0.03,8.14,48.85,862115.0,0.0,0
2023-02-26 20:00:00,5.375,0.0,2.65,54.0,0.0,0.0,8.11,41.33,928019.0,0.0,0
2023-02-26 21:00:00,5.025,0.0,2.875,55.25,0.0,0.0,5.26,33.65,930478.0,0.0,0
2023-02-26 22:00:00,4.8,0.0,2.975,56.75,0.0,0.0,1.95,34.32,919387.0,0.0,0
2023-02-26 23:00:00,4.8,0.0,2.375,59.5,0.0,0.0,0.02,23.46,903889.0,0.0,0
2023-02-27 00:00:00,4.875,0.0,2.45,61.75,0.0,0.0,0.0,9.72,892456.0,0.0,0
2023-02-28 01:00:00,6.3,0.0,2.275,76.0,0.0,0.0,0.43,6.26,823169.0,0.0,0
2023-02-28 02:00:00,6.15,0.0,2.25,75.5,0.0,0.0,0.2,8.11,789253.0,0.0,0
2023-02-28 03:00:00,6.025,0.0,2.3,75.0,0.0,0.0,0.2,7.87,767458.0,0.0,0
2023-02-28 04:00:00,5.85,0.0,2.25,77.0,0.0,0.0,0.1,20.46,756684.0,0.0,0
2023-02-28 05:00:00,5.575,0.0,2.275,78.75,0.0,0.0,0.05,30.0,757061.0,0.0,0
2023-02-28 06:00:00,5.475,0.0,2.275,80.25,0.0,0.0,0.37,14.12,773695.0,0.0,0
2023-02-28 07:00:00,5.75,0.0,2.0,80.25,0.0,0.0,13.13,18.62,806628.0,0.0,0
2023-02-28 08:00:00,6.875,0.0,1.925,78.75,0.5,0.145,88.1,11.81,815782.0,0.0,0
2023-02-28 09:00:00,10.3,0.0,1.375,70.5,0.75,0.735,170.36,20.87,733634.0,0.0,0
2023-02-28 10:00:00,13.05,0.0,2.45,60.0,0.8,1.665,237.16,28.08,674581.0,0.0,0
2023-02-28 11:00:00,14.275,0.0,3.8,56.25,0.975,2.355,283.32,3.68,631145.0,12.2,1
2023-02-28 12:00:00,14.725,0.0,4.075,55.0,1.0,2.79,286.93,2.67,588057.0,40.4,1
2023-02-28 13:00:00,14.775,0.0,4.275,54.5,1.0,2.97,276.19,3.95,571190.0,0.0,0
2023-02-28 14:00:00,15.05,0.0,4.625,54.0,1.0,2.915,267.21,2.78,580432.0,0.0,0
2023-02-28 15:00:00,15.0,0.0,3.7,55.0,1.0,2.635,226.44,15.98,581351.0,0.0,0
2023-02-28 16:00:00,14.825,0.0,4.0,53.0,1.0,2.075,141.06,28.19,591290.0,0.0,0
2023-02-28 17:00:00,14.25,0.0,3.725,54.25,1.0,1.265,56.49,29.58,647171.0,0.0,0
2023-02-28 18:00:00,13.375,0.0,3.3,57.0,0.875,0.56,6.35,32.64,711591.0,0.0,0
2023-02-28 19:00:00,12.25,0.0,2.375,61.5,0.125,0.03,8.29,29.63,816246.0,0.0,0
2023-02-28 20:00:00,11.9,0.0,2.5,63.5,0.0,0.0,8.39,29.01,868446.0,0.0,0
2023-02-28 21:00:00,11.7,0.0,2.175,66.75,0.0,0.0,5.55,31.57,861506.0,0.0,0
2023-02-28 22:00:00,11.65,0.0,2.0,68.25,0.0,0.0,1.95,40.23,830525.0,0.0,0
2023-02-28 23:00:00,12.05,0.0,2.4,66.5,0.0,0.0,0.02,21.14,799712.0,0.0,0
2023-03-01 00:00:00,12.875,0.0,2.875,65.5,0.0,0.0,0.0,15.346,771273.0,0.0,0
2023-03-01 01:00:00,13.25,0.0,1.875,69.25,0.0,0.0,0.428,17.401,719558.0,0.0,0
2023-03-01 02:00:00,13.025,0.0,1.925,74.75,0.0,0.0,0.198,23.354,677891.0,0.0,0
2023-03-01 03:00:00,12.775,0.0,2.35,77.0,0.0,0.0,0.198,24.838,658335.0,0.0,0
2023-03-01 04:00:00,13.3,0.0,2.925,78.5,0.0,0.0,0.078,14.669,643624.0,0.0,0
2023-03-01 05:00:00,13.325,0.0,3.025,84.25,0.0,0.0,0.048,17.407,642982.0,0.0,0
2023-03-01 06:00:00,12.85,0.95,4.275,91.25,0.0,0.0,0.348,24.026,657330.0,0.0,0
2023-03-01 07:00:00,12.225,0.0,3.725,94.5,0.0,0.0,0.852,25.116,684143.0,0.0,0
2023-03-01 08:00:00,11.9,0.0,3.35,92.5,0.0,0.005,9.377,20.823,706310.0,0.0,0
2023-03-01 09:00:00,11.575,4.425,2.6,90.25,0.0,0.1,16.083,20.017,730218.0,0.0,0
2023-03-01 10:00:00,11.75,0.0,2.7,86.75,0.0,0.225,22.357,16.757,745476.0,0.0,0
2023-03-01 11:00:00,11.5,0.0,2.35,89.75,0.0,0.23,31.676,18.219,743549.0,0.0,0
2023-03-01 12:00:00,11.875,1.45,2.95,88.0,0.0,0.42,51.927,35.545,730000.0,0.0,0
2023-03-01 13:00:00,12.375,0.0,4.95,86.5,0.0,0.76,50.907,47.703,684764.0,0.0,0
2023-03-01 14:00:00,12.05,0.0,4.7,87.75,0.0,0.77,75.159,62.809,689075.0,0.0,0
2023-03-01 15:00:00,12.075,0.133,5.175,78.25,0.175,0.76,105.59,108.022,669898.0,0.0,0
2023-03-01 16:00:00,11.625,0.0,5.7,68.5,0.575,0.93,88.061,111.137,652269.0,17.0,1
2023-03-01 17:00:00,10.95,0.0,6.225,64.5,0.75,0.835,35.078,180.947,666540.0,48.0,1
2023-03-01 18:00:00,9.875,0.0,6.2,68.5,0.325,0.295,4.62,231.057,728533.0,19.0,1
2023-03-01 19:00:00,9.325,0.0,5.85,69.75,0.0,0.01,3.712,208.097,839064.0,0.0,0
2023-03-01 20:00:00,8.875,0.0,5.925,63.25,0.0,0.0,0.907,215.805,886699.0,0.0,0
2023-03-01 21:00:00,8.45,0.0,6.1,52.0,0.0,0.0,0.012,222.611,890760.0,0.0,0
2023-03-01 22:00:00,8.25,0.0,6.625,45.25,0.0,0.0,0.001,212.967,878580.0,0.0,0
2023-03-01 23:00:00,7.775,0.0,6.05,42.5,0.0,0.0,0.0,200.75,863469.0,0.0,0
2023-03-02 00:00:00,7.7,0.0,6.2,39.5,0.0,0.0,0.0,182.356,851374.0,0.0,0
2023-03-02 01:00:00,7.375,0.0,6.175,40.25,0.0,0.0,0.191,172.941,810773.0,0.0,0
2023-03-02 02:00:00,7.3,0.0,6.75,40.5,0.0,0.0,0.05,182.848,770402.0,0.0,0
2023-03-02 03:00:00,7.15,0.0,6.25,44.0,0.0,0.0,0.0,197.523,753357.0,0.0,0
2023-03-02 04:00:00,6.9,0.0,6.475,45.75,0.0,0.0,0.013,196.297,745189.0,0.0,0
2023-03-02 05:00:00,6.6,0.0,6.45,46.0,0.0,0.0,0.0,226.586,747458.0,0.0,0
2023-03-02 06:00:00,6.125,0.0,7.3,47.0,0.0,0.0,0.032,224.431,766507.0,0.0,0
2023-03-02 07:00:00,5.375,0.0,5.85,51.5,0.0,0.0,14.0,209.526,813970.0,0.0,0
2023-03-02 08:00:00,5.35,0.0,6.2,47.25,0.375,0.125,89.703,197.273,855228.0,0.0,0
2023-03-02 09:00:00,6.0,0.0,6.275,43.5,1.0,0.865,187.551,183.395,788994.0,0.0,0
2023-03-02 10:00:00,6.425,0.0,5.85,43.75,1.0,1.625,249.342,108.767,709769.0,0.0,0
2023-03-02 11:00:00,6.85,0.0,6.2,41.25,1.0,2.275,293.959,36.526,674584.0,111.0,1
2023-03-02 12:00:00,7.25,0.0,5.475,42.75,1.0,2.715,306.707,18.441,631400.0,188.0,1
2023-03-02 13:00:00,7.7,0.0,6.25,40.25,1.0,2.915,305.233,14.981,605633.0,0.0,0
2023-03-02 14:00:00,7.675,0.0,5.65,42.25,1.0,2.92,282.423,16.278,613149.0,0.0,0
2023-03-02 15:00:00,7.6,0.0,5.75,43.25,0.975,2.575,234.807,56.165,616266.0,200.0,1
2023-03-02 16:00:00,7.325,0.0,5.925,44.75,0.975,2.015,153.924,145.261,629679.0,153.0,1
2023-03-02 17:00:00,7.25,0.0,5.45,47.0,0.975,1.33,59.164,205.469,683762.0,51.0,1
2023-03-02 18:00:00,6.225,0.0,5.45,49.25,0.925,0.55,7.251,179.541,796891.0,0.0,0
2023-03-02 19:00:00,5.5,0.0,5.9,55.25,0.1,0.04,8.124,146.789,936850.0,0.0,0
2023-03-02 20:00:00,5.125,0.0,5.05,56.75,0.0,0.0,8.081,174.302,978953.0,0.0,0
2023-03-02 21:00:00,5.125,0.0,4.475,56.75,0.0,0.0,5.135,199.041,965910.0,0.0,0
2023-03-02 22:00:00,5.025,0.0,4.675,60.0,0.0,0.0,1.906,181.631,938193.0,0.0,0
2023-03-02 23:00:00,4.675,0.0,4.65,58.5,0.0,0.0,0.044,154.347,919503.0,0.0,0
2023-03-03 00:00:00,4.525,0.0,4.425,58.0,0.0,0.0,0.0,131.877,904100.0,0.0,0
2023-03-03 01:00:00,4.225,0.0,4.125,58.5,0.0,0.0,0.47,97.226,856321.0,0.0,0
2023-03-03 02:00:00,4.2,0.0,3.875,59.75,0.0,0.0,0.198,93.439,821292.0,0.0,0
2023-03-03 03:00:00,3.85,0.0,3.125,59.5,0.0,0.0,0.197,95.55,800028.0,0.0,0
2023-03-03 04:00:00,3.55,0.0,2.55,59.75,0.0,0.0,0.091,91.372,789773.0,0.0,0
2023-03-03 05:00:00,3.55,0.0,3.15,61.25,0.0,0.0,0.05,111.59,793041.0,0.0,0
2023-03-03 06:00:00,3.65,0.0,2.625,61.5,0.0,0.0,0.403,104.874,808901.0,0.0,0
2023-03-03 07:00:00,3.55,0.0,2.3,62.5,0.0,0.0,16.818,80.656,852407.0,0.0,0
2023-03-03 08:00:00,4.65,0.0,2.45,58.75,0.55,0.185,100.471,63.46,865824.0,0.0,0
2023-03-03 09:00:00,7.275,0.0,2.7,51.0,1.0,0.9,196.075,62.772,769060.0,0.0,0
2023-03-03 10:00:00,8.725,0.0,3.0,50.25,1.0,1.725,257.526,52.722,692738.0,0.0,0
2023-03-03 11:00:00,9.75,0.0,3.85,47.25,1.0,2.41,282.683,18.775,649837.0,0.0,0
2023-03-03 12:00:00,10.35,0.0,3.55,43.25,1.0,2.705,279.013,4.038,619533.0,23.0,1
2023-03-03 13:00:00,10.575,0.0,3.875,41.5,1.0,2.815,249.702,2.659,596056.0,0.0,0
2023-03-03 14:00:00,10.85,0.0,3.275,41.5,0.95,2.38,222.973,13.654,619851.0,0.0,0
2023-03-03 15:00:00,11.025,0.0,3.725,39.25,0.925,2.02,142.636,18.966,628370.0,0.0,0
2023-03-03 16:00:00,11.1,0.0,2.9,40.25,0.75,1.57,76.198,17.028,665189.0,0.0,0
2023-03-03 17:00:00,10.475,0.0,2.625,42.5,0.275,0.8,33.914,11.366,708399.0,0.0,0
2023-03-03 18:00:00,10.05,0.0,2.8,46.75,0.05,0.32,6.007,21.175,768009.0,0.0,0
2023-03-03 19:00:00,9.125,0.0,1.9,50.25,0.0,0.02,8.301,35.742,865054.0,0.0,0
2023-03-03 20:00:00,8.8,0.0,2.45,50.5,0.0,0.0,8.236,49.61,903087.0,0.0,0
2023-03-03 21:00:00,8.8,0.0,2.625,52.25,0.0,0.0,5.427,45.987,893973.0,0.0,0
2023-03-03 22:00:00,8.35,0.0,2.3,55.0,0.0,0.0,1.923,52.079,870373.0,0.0,0
2023-03-03 23:00:00,8.15,0.0,2.175,54.75,0.0,0.0,0.044,50.143,856852.0,0.0,0
2023-03-04 00:00:00,8.05,0.0,2.15,54.75,0.0,0.0,0.0,30.859,840011.0,0.0,0
2023-03-04 01:00:00,7.775,0.0,1.775,55.75,0.0,0.0,0.42,18.519,790244.0,0.0,0
2023-03-04 02:00:00,7.3,0.0,1.875,57.5,0.0,0.0,0.198,30.607,759508.0,0.0,0
2023-03-04 03:00:00,6.425,0.0,2.05,60.5,0.0,0.0,0.198,35.276,742663.0,0.0,0
2023-03-04 04:00:00,6.125,0.0,2.4,62.75,0.0,0.0,0.1,54.04,730903.0,0.0,0
2023-03-04 05:00:00,5.725,0.0,2.175,63.25,0.0,0.0,0.05,69.933,744389.0,0.0,0
2023-03-04 06:00:00,6.95,0.0,2.825,59.75,0.0,0.0,0.245,68.738,759889.0,0.0,0
2023-03-04 07:00:00,7.15,0.0,3.325,59.0,0.0,0.0,10.338,53.144,776725.0,0.0,0
2023-03-04 08:00:00,7.275,0.0,2.425,58.5,0.05,0.105,63.02,30.564,781368.0,0.0,0
2023-03-04 09:00:00,10.05,0.0,1.6,52.25,0.525,0.455,110.435,19.889,695928.0,0.0,0
2023-03-04 10:00:00,11.775,0.0,2.5,53.5,0.775,1.315,185.86,12.486,634570.0,0.0,0
2023-03-04 11:00:00,12.575,0.0,2.675,52.0,0.85,1.61,232.351,3.08,604157.0,0.0,0
2023-03-04 12:00:00,12.925,0.0,3.075,49.25,1.0,2.435,240.23,2.03,559394.0,25.0,1
2023-03-04 13:00:00,13.375,0.0,3.625,46.75,1.0,2.79,227.569,1.823,533740.0,33.0,1
2023-03-04 14:00:00,13.7,0.0,3.775,48.25,1.0,2.805,223.499,1.988,533754.0,37.0,1
2023-03-04 15:00:00,13.675,0.0,3.475,49.25,1.0,2.545,193.393,6.459,536267.0,0.0,0
2023-03-04 16:00:00,13.5,0.0,3.475,47.5,1.0,2.0,124.962,6.972,552314.0,0.0,0
2023-03-04 17:00:00,13.025,0.0,3.6,49.5,1.0,1.28,46.898,10.499,602201.0,0.0,0
2023-03-04 18:00:00,12.225,0.0,2.5,50.75,0.9,0.51,7.038,15.334,685248.0,0.0,0
2023-03-04 19:00:00,10.725,0.0,1.825,54.25,0.05,0.035,7.765,7.12,802757.0,0.0,0
2023-03-04 20:00:00,9.625,0.0,2.425,59.75,0.0,0.0,7.742,10.138,870927.0,0.0,0
2023-03-04 21:00:00,9.075,0.0,1.8,60.25,0.0,0.0,5.238,20.705,876629.0,0.0,0
2023-03-04 22:00:00,8.575,0.0,2.025,62.5,0.0,0.0,1.922,19.149,866548.0,0.0,0
2023-03-04 23:00:00,8.35,0.0,2.1,61.5,0.0,0.0,0.045,17.689,856821.0,0.0,0
2023-03-05 00:00:00,8.275,0.0,2.8,60.5,0.0,0.0,0.0,12.955,845892.0,0.0,0
2023-03-05 01:00:00,8.2,0.0,2.525,61.5,0.0,0.0,0.421,10.759,799351.0,0.0,0
2023-03-05 02:00:00,7.725,0.0,2.85,60.75,0.0,0.0,0.137,9.22,766669.0,0.0,0
2023-03-05 03:00:00,7.775,0.0,2.4,58.25,0.0,0.0,0.137,7.476,746875.0,0.0,0
2023-03-05 04:00:00,7.75,0.0,2.275,56.25,0.0,0.0,0.18,5.755,736174.0,0.0,0
2023-03-05 05:00:00,7.7,0.0,3.05,54.0,0.0,0.0,0.38,9.122,734651.0,0.0,0
2023-03-05 06:00:00,7.625,0.0,2.55,51.0,0.0,0.0,0.596,6.514,748924.0,0.0,0
2023-03-05 07:00:00,7.925,0.0,2.15,56.25,0.0,0.0,12.763,3.919,769474.0,0.0,0
2023-03-05 08:00:00,9.2,0.0,2.025,58.0,0.175,0.12,74.632,1.381,750068.0,0.0,0
2023-03-05 09:00:00,11.775,0.0,1.75,60.25,1.0,0.695,155.362,0.968,637415.0,0.0,0
2023-03-05 10:00:00,13.85,0.0,2.1,52.5,1.0,1.455,201.476,2.925,564378.0,0.0,0
2023-03-05 11:00:00,14.75,0.0,3.025,50.75,1.0,2.11,216.275,5.338,535765.0,13.0,1
2023-03-05 12:00:00,15.275,0.0,4.05,56.0,1.0,2.555,226.631,6.575,515208.0,10.0,1
2023-03-05 13:00:00,14.975,0.0,3.65,56.5,0.9,2.785,202.785,6.512,509093.0,20.0,1
2023-03-05 14:00:00,15.175,0.0,3.575,54.25,0.75,2.75,156.89,9.171,525398.0,30.0,1
2023-03-05 15:00:00,14.375,1.2,2.975,59.0,0.725,2.34,98.808,6.004,560841.0,19.0,1
2023-03-05 16:00:00,14.175,0.0,3.05,58.5,0.75,1.825,70.518,1.063,623955.0,0.0,0
2023-03-05 17:00:00,13.55,0.0,2.725,61.5,0.55,1.15,32.948,0.03,658824.0,0.0,0
2023-03-05 18:00:00,12.85,0.0,1.95,63.75,0.425,0.465,6.396,2.114,713465.0,0.0,0
2023-03-05 19:00:00,11.175,0.0,1.4,70.5,0.0,0.03,8.235,2.007,810893.0,0.0,0
2023-03-05 20:00:00,9.85,0.0,2.225,74.75,0.0,0.0,8.302,1.162,854855.0,0.0,0
2023-03-05 21:00:00,9.375,0.0,1.725,73.25,0.0,0.0,5.124,0.007,855169.0,0.0,0
2023-03-05 22:00:00,9.3,0.0,2.025,72.5,0.0,0.0,1.681,0.0,841821.0,0.0,0
2023-03-05 23:00:00,9.075,0.0,1.875,71.25,0.0,0.0,0.028,0.0,830096.0,0.0,0
2023-03-06 00:00:00,8.95,0.0,1.725,68.5,0.0,0.0,0.0,0.0,818136.0,0.0,0
2023-03-06 01:00:00,8.45,0.0,1.85,68.0,0.0,0.0,0.182,0.0,776894.0,0.0,0
2023-03-06 02:00:00,8.275,0.0,1.65,68.25,0.0,0.0,0.137,0.0,745871.0,0.0,0
2023-03-06 03:00:00,8.025,0.0,2.0,66.5,0.0,0.0,0.137,0.0,727392.0,0.0,0
2023-03-06 04:00:00,8.05,0.0,1.9,66.75,0.0,0.0,0.069,0.42,718075.0,0.0,0
2023-03-06 05:00:00,7.9,0.0,1.825,70.5,0.0,0.0,0.022,0.294,722713.0,0.0,0
2023-03-06 06:00:00,7.725,0.0,1.375,74.25,0.0,0.0,0.234,0.149,743938.0,0.0,0
2023-03-06 07:00:00,7.5,0.0,1.85,77.75,0.0,0.0,15.815,0.533,784964.0,0.0,0
2023-03-06 08:00:00,8.5,0.0,1.9,77.0,0.35,0.15,83.704,0.244,803443.0,0.0,0
2023-03-06 09:00:00,11.9,0.0,0.85,68.0,1.0,0.765,165.187,1.166,728249.0,0.0,0
2023-03-06 10:00:00,14.325,0.0,1.9,61.5,1.0,1.565,214.427,4.248,662325.0,0.0,0
2023-03-06 11:00:00,15.0,0.0,3.0,57.75,1.0,2.24,245.705,7.998,627597.0,6.0,1
2023-03-06 12:00:00,15.575,0.0,3.525,58.0,1.0,2.705,245.742,2.333,595933.0,12.0,1
2023-03-06 13:00:00,15.675,0.0,4.225,57.25,0.9,2.9,234.491,1.342,569984.0,15.0,1
2023-03-06 14:00:00,15.6,0.0,4.45,51.75,0.825,2.87,220.116,1.086,578739.0,19.0,1
2023-03-06 15:00:00,15.7,0.0,4.0,50.5,0.825,2.6,188.514,7.659,580828.0,23.0,1
2023-03-06 16:00:00,15.9,0.0,4.45,50.75,0.975,2.07,126.375,9.337,595726.0,0.0,0
2023-03-06 17:00:00,15.225,0.0,3.775,54.25,1.0,1.335,52.491,8.612,634002.0,0.0,0
2023-03-06 18:00:00,14.4,0.0,3.1,53.75,0.9,0.53,7.559,13.452,694699.0,0.0,0
2023-03-06 19:00:00,12.775,0.0,2.275,60.5,0.025,0.04,8.312,24.134,793752.0,0.0,0
2023-03-06 20:00:00,11.625,0.0,2.025,65.25,0.0,0.0,8.392,31.246,859285.0,0.0,0
2023-03-06 21:00:00,11.275,0.0,2.525,66.0,0.0,0.0,5.559,30.166,862543.0,0.0,0
2023-03-06 22:00:00,11.025,0.0,2.875,68.0,0.0,0.0,1.587,27.481,842782.0,0.0,0
2023-03-06 23:00:00,11.025,0.0,2.95,68.75,0.0,0.0,0.273,34.516,829314.0,0.0,0
2023-03-07 00:00:00,10.7,0.0,3.3,69.0,0.0,0.0,0.0,44.861,813912.0,0.0,0
2023-03-07 01:00:00,10.475,0.0,2.45,69.0,0.0,0.0,0.193,39.58,768781.0,0.0,0
2023-03-07 02:00:00,10.475,0.0,2.9,69.5,0.0,0.0,0.198,45.643,732205.0,0.0,0
2023-03-07 03:00:00,10.4,0.0,2.9,69.5,0.0,0.0,0.198,47.661,710823.0,0.0,0
2023-03-07 04:00:00,10.5,0.0,2.95,71.0,0.0,0.0,0.077,44.951,697382.0,0.0,0
2023-03-07 05:00:00,10.55,0.0,3.1,63.75,0.0,0.0,0.048,41.238,700632.0,0.0,0
2023-03-07 06:00:00,10.6,0.0,3.25,66.25,0.0,0.0,0.465,41.995,724010.0,0.0,0
2023-03-07 07:00:00,10.55,0.0,3.1,67.25,0.0,0.0,15.292,47.603,756337.0,0.0,0
2023-03-07 08:00:00,11.375,0.0,2.975,64.0,0.275,0.145,81.203,28.473,767587.0,0.0,0
2023-03-07 09:00:00,13.8,0.0,3.175,59.0,1.0,0.73,157.986,36.762,701811.0,0.0,0
2023-03-07 10:00:00,15.775,0.0,3.6,55.5,1.0,1.38,218.468,19.566,650387.0,0.0,0
2023-03-07 11:00:00,16.75,0.0,4.825,53.75,1.0,2.11,262.494,14.998,612734.0,56.0,1
2023-03-07 12:00:00,17.525,0.0,4.575,52.25,1.0,2.55,280.371,9.682,567132.0,61.0,1
2023-03-07 13:00:00,17.925,0.0,4.9,51.25,1.0,2.77,280.138,11.162,532537.0,68.0,1
2023-03-07 14:00:00,18.125,0.0,5.175,50.0,1.0,2.755,256.072,22.136,538709.0,66.0,1
2023-03-07 15:00:00,18.225,0.0,5.025,49.5,1.0,2.445,204.134,30.044,545582.0,64.0,1
2023-03-07 16:00:00,17.725,0.0,5.3,51.25,1.0,1.9,125.944,27.601,575511.0,51.0,1
2023-03-07 17:00:00,16.85,0.0,4.375,53.25,0.975,1.145,48.752,25.425,625289.0,0.0,0
2023-03-07 18:00:00,15.525,0.0,3.275,62.25,0.8,0.465,7.45,38.869,689908.0,0.0,0
2023-03-07 19:00:00,14.05,0.0,2.875,69.25,0.0,0.04,8.061,46.267,777101.0,0.0,0
2023-03-07 20:00:00,13.4,0.0,2.7,73.75,0.0,0.0,8.141,49.378,833961.0,0.0,0
2023-03-07 21:00:00,12.8,0.0,2.9,76.5,0.0,0.0,5.572,42.476,835739.0,0.0,0
2023-03-07 22:00:00,12.35,0.0,2.825,77.0,0.0,0.0,2.362,48.031,819619.0,0.0,0
2023-03-07 23:00:00,11.825,0.0,2.8,77.0,0.0,0.0,0.436,56.391,802024.0,0.0,0
2023-03-08 00:00:00,11.45,0.0,2.575,71.75,0.0,0.0,0.0,51.562,791594.0,0.0,0
2023-03-08 01:00:00,11.075,0.0,2.725,70.0,0.0,0.0,0.193,63.168,752580.0,0.0,0
2023-03-08 02:00:00,10.95,0.0,2.925,75.0,0.0,0.0,0.199,72.478,720930.0,0.0,0
2023-03-08 03:00:00,11.0,0.0,2.9,74.75,0.0,0.0,0.198,73.619,703335.0,0.0,0
2023-03-08 04:00:00,11.525,0.0,3.7,73.5,0.0,0.0,0.077,74.35,690231.0,0.0,0
2023-03-08 05:00:00,11.425,0.0,3.35,71.25,0.0,0.0,0.043,72.53,688082.0,0.0,0
2023-03-08 06:00:00,11.3,0.0,3.05,69.25,0.0,0.0,0.518,78.467,705480.0,0.0,0
2023-03-08 07:00:00,11.35,0.0,3.5,67.5,0.0,0.0,18.608,76.51,740971.0,0.0,0
2023-03-08 08:00:00,12.15,0.0,3.425,65.0,0.45,0.185,93.26,80.773,750378.0,0.0,0
2023-03-08 09:00:00,14.85,0.0,3.575,60.25,0.975,0.875,125.136,89.443,669292.0,0.0,0
2023-03-08 10:00:00,15.75,0.0,4.275,59.25,0.5,1.055,168.293,106.591,662752.0,0.0,0
2023-03-08 11:00:00,16.625,0.0,4.8,59.75,0.65,1.62,208.222,58.913,628148.0,0.0,0
2023-03-08 12:00:00,17.3,0.0,5.1,60.5,0.95,2.07,225.016,25.261,599912.0,40.0,1
2023-03-08 13:00:00,17.775,0.0,5.025,58.5,0.975,2.45,213.475,40.058,564179.0,78.0,1
2023-03-08 14:00:00,18.15,0.0,5.425,61.25,0.875,2.325,204.009,77.12,571726.0,46.0,1
2023-03-08 15:00:00,18.2,0.0,5.25,60.75,0.85,2.2,179.106,99.728,576165.0,1.0,1
2023-03-08 16:00:00,17.85,0.0,4.825,64.5,0.6,1.775,110.312,91.867,589161.0,0.0,0
2023-03-08 17:00:00,17.025,0.0,4.65,70.25,0.625,1.23,38.768,89.428,631674.0,0.0,0
2023-03-08 18:00:00,16.275,0.0,3.975,72.5,0.425,0.405,5.968,76.676,686384.0,0.0,0
2023-03-08 19:00:00,15.525,0.0,3.375,75.25,0.025,0.02,8.042,85.06,749481.0,0.0,0
2023-03-08 20:00:00,15.05,0.0,3.65,75.25,0.0,0.0,8.032,76.84,786974.0,0.0,0
2023-03-08 21:00:00,14.75,0.0,3.475,74.25,0.0,0.0,5.482,98.464,780778.0,0.0,0
2023-03-08 22:00:00,14.875,0.0,3.575,72.5,0.0,0.0,2.224,113.827,762904.0,0.0,0
2023-03-08 23:00:00,14.975,0.0,3.875,71.75,0.0,0.0,0.455,113.999,740713.0,0.0,0
2023-03-09 00:00:00,15.025,0.0,3.675,70.25,0.0,0.0,0.0,103.946,722821.0,0.0,0
2023-03-09 01:00:00,15.05,0.0,4.1,69.5,0.0,0.0,0.192,108.124,678247.0,0.0,0
2023-03-09 02:00:00,15.025,0.0,3.875,72.25,0.0,0.0,0.198,101.276,641795.0,0.0,0
2023-03-09 03:00:00,15.075,0.0,4.625,73.0,0.0,0.0,0.197,111.145,624721.0,0.0,0
2023-03-09 04:00:00,15.15,0.0,4.65,74.0,0.0,0.0,0.077,111.058,619898.0,0.0,0
2023-03-09 05:00:00,15.1,0.0,3.75,75.25,0.0,0.0,0.05,122.952,618872.0,0.0,0
2023-03-09 06:00:00,15.0,0.0,3.625,77.0,0.0,0.0,0.393,114.326,636754.0,0.0,0
2023-03-09 07:00:00,14.925,0.0,3.9,77.75,0.0,0.0,8.446,97.439,669118.0,0.0,0
2023-03-09 08:00:00,14.975,0.0,3.75,80.0,0.0,0.095,41.986,55.979,692315.0,0.0,0
2023-03-09 09:00:00,15.6,0.0,3.425,79.25,0.0,0.385,97.967,52.274,690285.0,0.0,0
2023-03-09 10:00:00,16.6,0.0,4.25,77.75,0.35,1.0,164.398,37.456,657993.0,0.0,0
2023-03-09 11:00:00,17.6,0.0,3.3,73.75,0.8,1.645,205.338,24.081,619214.0,0.0,0
2023-03-09 12:00:00,17.925,0.0,4.35,75.0,0.8,1.9,216.292,35.334,585226.0,0.0,0
2023-03-09 13:00:00,17.75,0.0,3.875,76.0,0.775,2.06,216.464,18.273,555915.0,0.0,0
2023-03-09 14:00:00,17.775,0.0,3.775,76.5,0.95,2.285,189.514,12.761,570000.0,50.0,1
2023-03-09 15:00:00,17.325,0.0,4.475,77.25,0.85,1.98,161.948,16.481,580576.0,0.0,0
2023-03-09 16:00:00,16.9,0.0,3.625,78.25,0.975,1.67,113.087,13.932,589840.0,0.0,0
2023-03-09 17:00:00,15.7,0.0,3.5,82.75,0.8,1.025,45.124,17.795,627754.0,0.0,0
2023-03-09 18:00:00,14.3,0.0,3.25,87.5,0.3,0.395,7.077,31.932,683023.0,0.0,0
2023-03-09 19:00:00,12.75,0.0,2.6,92.5,0.0,0.02,8.037,34.478,757789.0,0.0,0
2023-03-09 20:00:00,12.0,0.0,2.45,94.0,0.0,0.0,7.794,34.558,813477.0,0.0,0
2023-03-09 21:00:00,11.725,0.0,1.525,94.0,0.0,0.0,5.229,12.294,820464.0,0.0,0
2023-03-09 22:00:00,11.225,0.0,1.375,91.5,0.0,0.0,1.884,3.376,804652.0,0.0,0
2023-03-09 23:00:00,11.35,0.0,2.075,94.5,0.0,0.0,0.196,1.179,778531.0,0.0,0
2023-03-10 00:00:00,11.05,0.0,1.675,95.0,0.0,0.0,0.0,0.04,746137.0,0.0,0
2023-03-10 01:00:00,10.525,0.0,1.125,93.75,0.0,0.0,0.192,0.602,701278.0,0.0,0
2023-03-10 02:00:00,10.6,0.0,1.25,93.0,0.0,0.0,0.198,0.87,687607.0,0.0,0
2023-03-10 03:00:00,10.075,0.0,1.125,91.25,0.0,0.0,0.198,0.006,681541.0,0.0,0
2023-03-10 04:00:00,9.825,0.0,1.375,92.75,0.0,0.0,0.093,0.654,677744.0,0.0,0
2023-03-10 05:00:00,9.5,0.0,0.9,90.25,0.0,0.0,0.05,1.26,685953.0,0.0,0
2023-03-10 06:00:00,8.95,0.0,0.7,88.5,0.0,0.0,0.356,0.178,710823.0,0.0,0
2023-03-10 07:00:00,9.075,0.0,0.725,82.75,0.0,0.0,18.244,0.001,746378.0,0.0,0
2023-03-10 08:00:00,9.9,0.0,0.8,80.25,0.275,0.125,86.922,0.145,748893.0,0.0,0
2023-03-10 09:00:00,12.725,0.0,0.85,83.5,0.75,0.66,171.367,0.232,663854.0,0.0,0
2023-03-10 10:00:00,14.0,0.0,1.6,84.75,0.75,1.34,224.964,2.07,612634.0,0.0,0
2023-03-10 11:00:00,14.55,0.0,2.45,83.5,0.75,1.72,264.038,1.674,580031.0,0.0,0
2023-03-10 12:00:00,15.15,0.0,3.1,82.5,0.775,2.23,280.865,0.662,546990.0,0.0,0
2023-03-10 13:00:00,15.85,0.0,2.8,78.75,0.875,2.64,274.114,0.48,519236.0,18.0,1
2023-03-10 14:00:00,15.925,0.0,3.325,78.75,0.925,2.575,245.127,4.427,534573.0,23.0,1
2023-03-10 15:00:00,17.0,0.0,2.9,73.5,1.0,2.35,193.755,5.402,548965.0,6.0,1
2023-03-10 16:00:00,17.1,0.0,2.825,70.0,1.0,1.81,119.857,4.677,577532.0,0.0,0
2023-03-10 17:00:00,16.15,0.0,2.95,77.0,1.0,1.125,46.688,3.698,622698.0,0.0,0
2023-03-10 18:00:00,15.6,0.0,2.3,72.5,0.625,0.42,7.632,10.336,672552.0,0.0,0
2023-03-10 19:00:00,14.875,0.0,1.575,72.25,0.0,0.035,8.024,15.759,745074.0,0.0,0
2023-03-10 20:00:00,13.625,0.0,1.775,69.75,0.0,0.0,8.113,19.367,808014.0,0.0,0
2023-03-10 21:00:00,13.025,0.0,1.8,68.25,0.0,0.0,5.573,22.992,815089.0,0.0,0
2023-03-10 22:00:00,12.65,0.0,1.525,62.25,0.0,0.0,2.35,28.354,804853.0,0.0,0
2023-03-10 23:00:00,12.375,0.0,2.475,52.75,0.0,0.0,0.471,34.044,794349.0,0.0,0
2023-03-11 00:00:00,12.2,0.0,2.025,58.25,0.0,0.0,0.0,29.807,784094.0,0.0,0
2023-03-11 01:00:00,12.775,0.0,2.2,52.0,0.0,0.0,0.192,31.506,745695.0,0.0,0
2023-03-11 02:00:00,12.125,0.0,2.625,54.0,0.0,0.0,0.198,36.189,717476.0,0.0,0
2023-03-11 03:00:00,12.225,0.0,2.75,66.0,0.0,0.0,0.198,37.369,697381.0,0.0,0
2023-03-11 04:00:00,11.725,0.0,2.4,66.25,0.0,0.0,0.099,27.565,685130.0,0.0,0
2023-03-11 05:00:00,11.45,0.0,2.175,72.0,0.0,0.0,0.05,31.467,687949.0,0.0,0
2023-03-11 06:00:00,11.075,0.0,2.175,78.5,0.0,0.0,0.425,24.28,706998.0,0.0,0
2023-03-11 07:00:00,11.325,0.0,2.4,83.75,0.0,0.0,14.633,24.673,722884.0,0.0,0
2023-03-11 08:00:00,11.6,0.0,2.2,88.25,0.05,0.15,83.666,13.875,696051.0,0.0,0
2023-03-11 09:00:00,13.725,0.0,2.1,91.75,0.575,0.84,162.645,8.763,611965.0,0.0,0
2023-03-11 10:00:00,15.9,0.0,2.775,82.25,0.95,1.515,197.997,7.496,555203.0,0.0,0
2023-03-11 11:00:00,17.0,0.0,3.4,77.5,0.925,1.815,228.952,5.991,546444.0,0.0,0
2023-03-11 12:00:00,17.625,0.0,3.975,75.5,0.9,2.415,261.082,1.755,521926.0,26.0,1
2023-03-11 13:00:00,18.5,0.0,3.675,71.5,0.95,2.74,250.449,1.938,497104.0,0.0,0
2023-03-11 14:00:00,18.6,0.0,3.175,69.25,1.0,2.67,244.034,1.689,503657.0,0.0,0
2023-03-11 15:00:00,19.25,0.0,3.275,64.75,1.0,2.445,185.484,4.636,502077.0,31.0,1
2023-03-11 16:00:00,18.925,0.0,2.95,71.25,1.0,1.815,96.05,8.101,533238.0,0.0,0
2023-03-11 17:00:00,17.625,0.0,2.925,77.75,0.75,1.015,38.181,9.866,587878.0,0.0,0
2023-03-11 18:00:00,16.45,0.0,2.475,82.5,0.125,0.395,7.364,17.036,641727.0,0.0,0
2023-03-11 19:00:00,15.35,0.0,1.85,87.75,0.0,0.03,8.022,28.183,708749.0,0.0,0
2023-03-11 20:00:00,15.0,0.0,1.7,89.5,0.0,0.0,8.071,41.574,753551.0,0.0,0
2023-03-11 21:00:00,15.05,0.0,1.9,89.75,0.0,0.0,5.579,57.366,747224.0,0.0,0
2023-03-11 22:00:00,15.025,0.0,2.525,84.5,0.0,0.0,2.32,72.462,736830.0,0.0,0
2023-03-11 23:00:00,15.1,0.0,2.45,81.5,0.0,0.0,0.459,81.778,721959.0,0.0,0
2023-03-12 00:00:00,15.15,0.0,2.5,82.5,0.0,0.0,0.0,56.065,698896.0,0.0,0
2023-03-12 01:00:00,15.4,0.0,2.875,83.25,0.0,0.0,0.192,45.741,655420.0,0.0,0
2023-03-12 02:00:00,15.5,0.0,2.225,83.0,0.0,0.0,0.141,46.693,627633.0,0.0,0
2023-03-12 03:00:00,15.625,0.0,2.275,81.75,0.0,0.0,0.137,30.368,604812.0,0.0,0
2023-03-12 04:00:00,15.525,0.0,2.325,82.5,0.0,0.0,0.067,26.503,597409.0,0.0,0
2023-03-12 05:00:00,15.625,0.0,2.325,80.25,0.0,0.0,0.014,36.927,590821.0,0.0,0
2023-03-12 06:00:00,15.6,0.0,1.975,82.5,0.0,0.0,0.35,36.621,595969.0,0.0,0
2023-03-12 07:00:00,15.875,0.0,2.5,85.75,0.0,0.0,9.826,35.949,605592.0,0.0,0
2023-03-12 08:00:00,16.5,0.0,2.325,88.75,0.025,0.115,48.016,38.998,601822.0,0.0,0
2023-03-12 09:00:00,18.175,0.0,3.35,83.75,0.2,0.55,81.672,57.113,574044.0,0.0,0
2023-03-12 10:00:00,18.3,0.0,4.525,83.5,0.2,0.855,68.372,66.145,570544.0,0.0,0
2023-03-12 11:00:00,17.375,0.0,7.375,87.0,0.35,0.905,76.294,107.115,593814.0,4.0,1
2023-03-12 12:00:00,13.9,1.825,7.575,90.0,0.125,0.105,41.653,176.23,621358.0,49.0,1
2023-03-12 13:00:00,11.65,0.0,7.375,86.75,0.025,0.065,29.942,217.942,648738.0,33.0,1
2023-03-12 14:00:00,10.55,0.0,7.125,87.5,0.0,0.085,34.446,227.622,680899.0,0.0,0
2023-03-12 15:00:00,9.8,2.875,6.575,86.0,0.0,0.28,41.068,213.56,727420.0,0.0,0
2023-03-12 16:00:00,9.475,0.0,6.125,78.5,0.0,0.415,21.479,211.681,745136.0,0.0,0
2023-03-12 17:00:00,9.1,0.0,6.975,78.5,0.0,0.18,10.111,210.708,782196.0,0.0,0
2023-03-12 18:00:00,8.775,0.1,8.1,72.5,0.0,0.095,2.173,208.986,801445.0,0.0,0
2023-03-12 19:00:00,8.2,0.0,7.4,66.0,0.0,0.025,2.975,223.624,832463.0,0.0,0
2023-03-12 20:00:00,7.875,0.0,8.35,63.5,0.0,0.0,0.034,216.452,853659.0,0.0,0
2023-03-12 21:00:00,7.325,0.0,7.65,54.75,0.0,0.0,0.017,217.245,851018.0,0.0,0
2023-03-12 22:00:00,6.825,0.0,9.2,55.0,0.0,0.0,0.0,210.103,835613.0,0.0,0
2023-03-12 23:00:00,6.025,0.0,8.15,57.0,0.0,0.0,0.0,191.21,835914.0,0.0,0
2023-03-13 00:00:00,5.625,0.0,8.65,56.25,0.0,0.0,0.0,175.716,825766.0,0.0,0
2023-03-13 01:00:00,5.35,0.0,8.825,55.0,0.0,0.0,0.132,172.027,785873.0,0.0,0
2023-03-13 02:00:00,4.65,0.0,7.375,51.5,0.0,0.0,0.0,176.475,757226.0,0.0,0
2023-03-13 03:00:00,4.725,0.0,6.7,54.75,0.0,0.0,0.0,185.153,739496.0,0.0,0
2023-03-13 04:00:00,4.575,0.0,6.35,55.75,0.0,0.0,0.021,183.046,733371.0,0.0,0
2023-03-13 05:00:00,4.425,0.0,5.425,53.0,0.0,0.0,0.0,190.072,737360.0,0.0,0
2023-03-13 06:00:00,4.225,0.0,6.05,53.25,0.0,0.0,0.124,187.875,762306.0,0.0,0
2023-03-13 07:00:00,4.1,0.0,5.525,52.25,0.0,0.0,22.718,174.896,805495.0,0.0,0
2023-03-13 08:00:00,4.875,0.0,5.125,49.75,0.45,0.26,117.548,157.126,825135.0,0.0,0
2023-03-13 09:00:00,6.075,0.0,5.575,45.5,0.975,1.01,213.514,110.033,715285.0,0.0,0
2023-03-13 10:00:00,6.85,0.0,5.125,47.5,0.975,1.845,274.526,41.851,650916.0,69.0,1
2023-03-13 11:00:00,7.525,0.0,4.675,42.75,1.0,2.565,310.219,10.498,612728.0,0.0,0
2023-03-13 12:00:00,8.625,0.0,3.8,40.75,1.0,3.035,299.359,5.041,582245.0,0.0,0
2023-03-13 13:00:00,8.9,0.0,4.15,39.25,1.0,3.225,293.495,5.12,557265.0,0.0,0
2023-03-13 14:00:00,9.175,0.0,3.775,41.0,1.0,3.165,279.979,7.239,564587.0,73.0,1
2023-03-13 15:00:00,9.625,0.0,4.475,39.5,1.0,2.885,240.349,16.13,567375.0,67.0,1
2023-03-13 16:00:00,9.475,0.0,4.175,41.25,1.0,2.31,160.861,17.968,584489.0,0.0,0
2023-03-13 17:00:00,9.1,0.0,3.95,44.0,1.0,1.525,67.309,20.346,631979.0,0.0,0
2023-03-13 18:00:00,8.275,0.0,2.775,47.5,0.9,0.715,9.493,33.846,706572.0,0.0,0
2023-03-13 19:00:00,6.825,0.0,1.9,52.25,0.275,0.085,8.108,23.765,842447.0,0.0,0
2023-03-13 20:00:00,5.925,0.0,1.675,56.75,0.0,0.0,8.191,9.913,929143.0,0.0,0
2023-03-13 21:00:00,5.175,0.0,2.275,59.75,0.0,0.0,5.607,7.197,928721.0,0.0,0
2023-03-13 22:00:00,5.25,0.0,1.975,58.75,0.0,0.0,2.385,15.067,908879.0,0.0,0
2023-03-13 23:00:00,5.575,0.0,1.8,57.75,0.0,0.0,0.444,13.296,891247.0,0.0,0
2023-03-14 00:00:00,5.5,0.0,2.425,55.75,0.0,0.0,0.0,16.097,873431.0,0.0,0
2023-03-14 01:00:00,5.425,0.0,2.675,58.5,0.0,0.0,0.193,13.213,828395.0,0.0,0
2023-03-14 02:00:00,5.25,0.0,2.75,56.75,0.0,0.0,0.199,14.496,792577.0,0.0,0
2023-03-14 03:00:00,5.1,0.0,2.725,57.5,0.0,0.0,0.198,19.506,769895.0,0.0,0
2023-03-14 04:00:00,5.2,0.0,3.0,62.75,0.0,0.0,0.076,34.121,759298.0,0.0,0
2023-03-14 05:00:00,5.325,0.0,3.0,66.25,0.0,0.0,0.047,38.011,758560.0,0.0,0
2023-03-14 06:00:00,5.525,0.0,2.7,69.25,0.0,0.0,0.712,48.334,778315.0,0.0,0
2023-03-14 07:00:00,5.775,0.0,2.9,72.75,0.0,0.0,26.903,52.831,810876.0,0.0,0
2023-03-14 08:00:00,7.85,0.0,2.55,67.0,0.725,0.3,113.861,27.346,795198.0,0.0,0
2023-03-14 09:00:00,11.425,0.0,2.95,58.5,1.0,1.125,203.008,43.468,680621.0,0.0,0
2023-03-14 10:00:00,12.875,0.0,3.65,55.25,1.0,1.96,253.154,11.488,625415.0,0.0,0
2023-03-14 11:00:00,13.975,0.0,3.475,52.5,1.0,2.6,242.138,4.832,594697.0,66.0,1
2023-03-14 12:00:00,14.325,0.0,4.325,51.75,1.0,3.03,227.131,7.95,573450.0,0.0,0
2023-03-14 13:00:00,14.5,0.0,4.6,52.75,1.0,3.195,225.177,10.149,542435.0,90.0,1
2023-03-14 14:00:00,15.15,0.0,5.2,53.25,1.0,3.15,224.73,6.78,557994.0,85.0,1
2023-03-14 15:00:00,15.125,0.0,4.575,55.0,1.0,2.825,214.973,12.464,561581.0,0.0,0
2023-03-14 16:00:00,14.925,0.0,4.775,57.0,1.0,2.285,159.245,67.918,572162.0,0.0,0
2023-03-14 17:00:00,14.5,0.0,4.1,58.5,1.0,1.535,68.51,74.705,608642.0,0.0,0
2023-03-14 18:00:00,13.975,0.0,3.825,61.5,0.9,0.74,9.365,76.199,678363.0,0.0,0
2023-03-14 19:00:00,12.95,0.0,3.625,64.95,0.25,0.095,7.981,79.991,776507.0,0.0,0
2023-03-14 20:00:00,12.8,0.0,4.075,66.25,0.0,0.0,8.162,116.164,844826.0,0.0,0
2023-03-14 21:00:00,12.325,0.0,4.4,67.25,0.0,0.0,5.728,113.95,842405.0,0.0,0
2023-03-14 22:00:00,12.225,0.0,4.7,69.0,0.0,0.0,2.376,115.22,830824.0,0.0,0
2023-03-14 23:00:00,11.775,0.0,4.05,73.5,0.0,0.0,0.455,139.658,809584.0,0.0,0
2023-03-15 00:00:00,12.35,0.0,5.225,70.5,0.0,0.0,0.0,138.273,784409.0,0.0,0
2023-03-15 01:00:00,12.575,0.0,5.075,70.25,0.0,0.0,0.062,133.163,736134.0,0.0,0
2023-03-15 02:00:00,12.7,0.0,4.85,67.0,0.0,0.0,0.062,128.849,702940.0,0.0,0
2023-03-15 03:00:00,12.225,0.0,4.95,68.0,0.0,0.0,0.062,131.141,685814.0,0.0,0
2023-03-15 04:00:00,11.975,0.0,3.225,72.0,0.0,0.0,0.032,91.674,679354.0,0.0,0
2023-03-15 05:00:00,12.025,0.0,2.95,75.25,0.0,0.0,0.043,91.168,678370.0,0.0,0
2023-03-15 06:00:00,12.325,0.0,3.45,77.0,0.0,0.0,0.7,77.228,691233.0,0.0,0
2023-03-15 07:00:00,12.2,0.0,2.6,77.75,0.0,0.005,25.585,61.339,717506.0,0.0,0
2023-03-15 08:00:00,13.6,0.0,2.15,74.5,0.575,0.325,110.297,57.761,700917.0,0.0,0
2023-03-15 09:00:00,16.8,0.0,2.75,62.25,1.0,1.145,184.838,77.885,633114.0,0.0,0
2023-03-15 10:00:00,18.175,0.0,4.025,59.75,1.0,1.91,222.038,26.342,606443.0,31.0,1
2023-03-15 11:00:00,19.2,0.0,3.725,55.75,0.975,2.54,233.674,6.894,584079.0,96.0,1
2023-03-15 12:00:00,19.4,0.0,4.4,56.0,0.9,2.635,228.293,5.527,571101.0,97.0,1
2023-03-15 13:00:00,19.575,0.0,5.075,55.0,0.925,2.905,204.886,14.966,551257.0,91.0,1
2023-03-15 14:00:00,19.675,0.0,4.55,56.25,0.8,2.515,174.814,51.413,566403.0,0.0,0
2023-03-15 15:00:00,19.95,0.0,3.85,57.0,0.775,2.145,151.902,51.103,582335.0,41.0,1
2023-03-15 16:00:00,19.525,0.0,3.45,60.25,0.825,1.915,97.018,35.099,594189.0,0.0,0
2023-03-15 17:00:00,18.675,0.0,3.2,63.5,0.45,1.02,26.875,11.975,643442.0,0.0,0
2023-03-15 18:00:00,17.9,0.0,2.375,67.0,0.15,0.325,6.999,15.976,693120.0,0.0,0
2023-03-15 19:00:00,17.05,0.0,1.5,72.0,0.0,0.025,8.034,22.623,735337.0,0.0,0
2023-03-15 20:00:00,16.6,0.0,1.25,73.0,0.0,0.0,7.863,9.038,777876.0,0.0,0
2023-03-15 21:00:00,15.7,0.0,1.2,76.75,0.0,0.0,5.375,3.956,798446.0,0.0,0
2023-03-15 22:00:00,14.3,0.0,3.125,84.25,0.0,0.0,2.302,10.222,791406.0,0.0,0
2023-03-15 23:00:00,12.775,0.0,2.9,87.25,0.0,0.0,0.46,36.691,772463.0,0.0,0
2023-03-16 00:00:00,12.7,0.0,3.225,88.75,0.0,0.0,0.0,81.93,736593.0,0.0,0
2023-03-16 01:00:00,11.725,0.0,4.05,87.5,0.0,0.0,0.191,82.905,706283.0,0.0,0
2023-03-16 02:00:00,11.15,0.0,3.875,84.75,0.0,0.0,0.199,113.349,682275.0,0.0,0
2023-03-16 03:00:00,10.5,0.0,4.425,82.75,0.0,0.0,0.198,167.299,660482.0,0.0,0
2023-03-16 04:00:00,10.0,0.0,5.0,74.0,0.0,0.0,0.106,181.594,653058.0,0.0,0
2023-03-16 05:00:00,9.45,0.0,4.95,74.0,0.0,0.0,0.05,215.888,665221.0,0.0,0
2023-03-16 06:00:00,9.25,0.0,5.325,68.75,0.0,0.0,0.736,209.173,690954.0,0.0,0
2023-03-16 07:00:00,8.95,0.0,4.85,64.75,0.0,0.0,24.096,184.451,733447.0,0.0,0
2023-03-16 08:00:00,9.425,0.0,3.125,64.5,0.475,0.26,93.454,181.584,732930.0,0.0,0
2023-03-16 09:00:00,10.6,0.0,4.9,57.5,0.975,0.87,177.734,144.464,662976.0,0.0,0
2023-03-16 10:00:00,11.675,0.0,4.925,50.0,1.0,1.64,239.978,69.805,625183.0,9.0,1
2023-03-16 11:00:00,12.2,0.0,4.525,50.0,1.0,2.32,278.574,11.81,591910.0,49.0,1
2023-03-16 12:00:00,13.2,0.0,4.55,47.5,1.0,2.805,281.329,5.498,555839.0,99.0,1
2023-03-16 13:00:00,13.325,0.0,4.875,43.0,1.0,3.03,277.094,4.921,537428.0,0.0,0
2023-03-16 14:00:00,13.425,0.0,5.65,43.0,1.0,2.975,260.892,16.738,547441.0,0.0,0
2023-03-16 15:00:00,13.475,0.0,5.275,42.0,1.0,2.65,211.741,26.136,551326.0,88.0,1
2023-03-16 16:00:00,13.5,0.0,4.95,44.5,1.0,2.07,136.785,40.359,573608.0,74.0,1
2023-03-16 17:00:00,13.575,0.0,4.775,40.0,1.0,1.355,52.532,65.905,614616.0,0.0,0
2023-03-16 18:00:00,12.7,0.0,4.325,47.5,0.575,0.525,9.392,79.949,682673.0,0.0,0
2023-03-16 19:00:00,11.7,0.0,2.475,53.75,0.025,0.055,8.078,66.234,775204.0,0.0,0
2023-03-16 20:00:00,11.175,0.0,2.35,58.0,0.0,0.0,8.102,44.882,845248.0,0.0,0
2023-03-16 21:00:00,10.75,0.0,2.7,61.75,0.0,0.0,5.57,40.182,845274.0,0.0,0
2023-03-16 22:00:00,10.75,0.0,2.5,62.0,0.0,0.0,2.367,23.066,829692.0,0.0,0
2023-03-16 23:00:00,10.5,0.0,2.525,61.0,0.0,0.0,0.466,17.822,811019.0,0.0,0
2023-03-17 00:00:00,10.4,0.0,2.075,63.75,0.0,0.0,0.0,15.183,784724.0,0.0,0
2023-03-18 01:00:00,11.2,0.0,4.125,83.25,0.0,0.0,0.147,62.252,727144.0,0.0,0
2023-03-18 02:00:00,11.075,0.0,4.75,80.75,0.0,0.0,0.072,61.884,688706.0,0.0,0
2023-03-18 03:00:00,10.975,0.0,4.775,77.0,0.0,0.0,0.0,72.918,665541.0,0.0,0
2023-03-18 04:00:00,10.675,0.0,4.45,74.0,0.0,0.0,0.014,75.04,660002.0,0.0,0
2023-03-18 05:00:00,10.475,0.0,3.875,74.25,0.0,0.0,0.0,96.185,664853.0,0.0,0
2023-03-18 06:00:00,9.825,0.0,4.375,73.25,0.0,0.0,0.578,100.627,689554.0,0.0,0
2023-03-18 07:00:00,9.65,0.0,3.25,74.5,0.0,0.005,26.824,95.417,721018.0,0.0,0
2023-03-18 08:00:00,10.325,0.0,2.75,70.25,0.375,0.27,104.123,67.967,693657.0,0.0,0
2023-03-18 09:00:00,11.85,0.0,3.075,59.5,0.55,0.95,199.389,45.248,610839.0,0.0,0
2023-03-18 10:00:00,12.55,0.0,4.15,56.0,0.95,1.88,255.207,8.782,557402.0,48.0,1
2023-03-18 11:00:00,13.025,0.0,4.65,49.25,0.9,2.55,254.565,7.513,532035.0,54.0,1
2023-03-18 12:00:00,13.55,0.0,4.775,47.0,0.975,3.015,246.784,6.95,514222.0,59.0,1
2023-03-18 13:00:00,13.725,0.0,4.775,42.5,1.0,3.225,243.131,6.976,501292.0,0.0,0
2023-03-18 14:00:00,13.675,0.0,5.15,46.25,1.0,3.145,230.686,8.078,500877.0,0.0,0
2023-03-18 15:00:00,13.55,0.0,5.6,46.0,1.0,2.87,214.757,18.618,505630.0,0.0,0
2023-03-18 16:00:00,13.175,0.0,4.925,45.0,1.0,2.325,158.111,118.644,516824.0,0.0,0
2023-03-18 17:00:00,12.6,0.0,5.425,47.25,1.0,1.535,66.715,162.468,555339.0,0.0,0
2023-03-18 18:00:00,11.5,0.0,4.8,49.75,0.875,0.645,10.056,185.948,643322.0,0.0,0
2023-03-18 19:00:00,10.375,0.0,4.125,53.25,0.075,0.055,7.49,199.045,766518.0,0.0,0
2023-03-18 20:00:00,10.0,0.0,4.0,55.25,0.0,0.0,7.51,183.439,842854.0,0.0,0
2023-03-18 21:00:00,9.75,0.0,3.85,58.5,0.0,0.0,5.16,173.779,843039.0,0.0,0
2023-03-18 22:00:00,9.7,0.0,4.5,57.75,0.0,0.0,2.338,164.062,830169.0,0.0,0
2023-03-18 23:00:00,9.4,0.0,5.725,56.75,0.0,0.0,0.452,173.312,807494.0,0.0,0
2023-03-19 00:00:00,9.075,0.0,4.8,57.5,0.0,0.0,0.0,163.337,802413.0,0.0,0
2023-03-19 01:00:00,8.775,0.0,4.175,57.5,0.0,0.0,0.192,142.037,765293.0,0.0,0
2023-03-19 02:00:00,8.3,0.0,4.175,59.75,0.0,0.0,0.148,125.733,732289.0,0.0,0
2023-03-19 03:00:00,8.425,0.0,2.475,59.75,0.0,0.0,0.137,139.967,708066.0,0.0,0
2023-03-19 04:00:00,8.525,0.0,3.65,61.25,0.0,0.0,0.068,153.42,689939.0,0.0,0
2023-03-19 05:00:00,8.575,0.0,4.3,62.5,0.0,0.0,0.039,188.356,688094.0,0.0,0
2023-03-19 06:00:00,8.5,0.0,4.15,62.0,0.0,0.0,0.707,164.121,705020.0,0.0,0
2023-03-19 07:00:00,8.15,0.0,3.675,66.0,0.0,0.0,23.573,137.457,724166.0,0.0,0
2023-03-19 08:00:00,9.0,0.0,3.45,65.0,0.3,0.255,81.755,139.313,691148.0,0.0,0
2023-03-19 09:00:00,10.45,0.0,3.2,63.0,0.625,0.865,184.613,75.798,594636.0,0.0,0
2023-03-19 10:00:00,12.0,0.0,3.075,57.25,0.925,1.825,240.885,8.648,534938.0,0.0,0
2023-03-19 11:00:00,12.35,0.0,4.325,57.25,1.0,2.51,236.374,1.976,505376.0,0.0,0
2023-03-19 12:00:00,12.925,0.0,4.175,58.0,1.0,2.975,229.967,1.572,492215.0,49.0,1
2023-03-19 13:00:00,13.35,0.0,3.75,57.0,1.0,3.045,215.947,1.765,487775.0,48.0,1
2023-03-19 14:00:00,13.45,0.0,3.775,58.25,0.975,2.875,209.63,1.416,493796.0,38.0,1
2023-03-19 15:00:00,13.65,0.0,3.175,56.25,0.95,2.57,176.892,5.197,502160.0,30.0,1
2023-03-19 16:00:00,13.325,0.0,3.45,57.0,0.925,2.055,112.692,4.634,523013.0,0.0,0
2023-03-19 17:00:00,12.575,0.0,2.575,60.25,0.725,1.045,45.951,3.051,573481.0,0.0,0
2023-03-19 18:00:00,11.825,0.0,2.4,66.75,0.45,0.5,9.421,6.958,643550.0,0.0,0
2023-03-19 19:00:00,10.925,0.0,1.175,72.5,0.0,0.06,7.476,9.413,745506.0,0.0,0
2023-03-19 20:00:00,10.1,0.0,1.0,77.0,0.0,0.0,7.478,5.223,825741.0,0.0,0
2023-03-19 21:00:00,9.45,0.0,0.975,79.5,0.0,0.0,5.14,3.323,833481.0,0.0,0
2023-03-19 22:00:00,9.125,0.0,1.325,77.75,0.0,0.0,2.353,3.217,824409.0,0.0,0
2023-03-19 23:00:00,9.05,0.0,1.225,77.25,0.0,0.0,0.46,3.75,809760.0,0.0,0
2023-03-20 00:00:00,8.75,0.0,1.4,78.75,0.0,0.0,0.001,4.838,796812.0,0.0,0
2023-03-26 01:00:00,12.375,0.0,2.7,78.75,0.0,0.0,0.13,21.106,713462.0,0.0,0
2023-03-26 02:00:00,12.45,0.0,2.775,79.0,0.0,0.0,0.099,31.254,678669.0,0.0,0
2023-03-26 03:00:00,12.4,0.0,4.175,81.0,0.0,0.0,0.0,42.472,655675.0,0.0,0
2023-03-26 04:00:00,12.3,0.0,4.325,82.75,0.0,0.0,0.0,50.646,643737.0,0.0,0
2023-03-26 05:00:00,12.025,0.0,4.0,84.75,0.0,0.0,0.0,70.792,644996.0,0.0,0
2023-03-26 06:00:00,11.575,0.033,4.6,84.0,0.0,0.0,0.202,84.383,659881.0,0.0,0
2023-03-26 07:00:00,11.225,0.0,3.125,84.25,0.0,0.0,14.215,87.87,679474.0,0.0,0
2023-03-26 08:00:00,11.15,0.0,3.225,82.75,0.0,0.14,39.678,96.461,681898.0,0.0,0
2023-03-26 09:00:00,11.15,0.133,3.725,78.75,0.0,0.445,73.796,119.237,646380.0,0.0,0
2023-03-26 10:00:00,11.675,0.0,3.725,72.0,0.025,1.015,161.763,99.626,602996.0,0.0,0
2023-03-26 11:00:00,12.675,0.0,3.75,64.75,0.45,1.71,285.131,9.822,551293.0,0.0,0
2023-03-26 12:00:00,13.6,0.0,3.975,60.25,1.0,2.81,291.626,13.641,478951.0,0.0,0
2023-03-26 13:00:00,14.175,0.0,4.175,56.25,1.0,3.005,272.456,12.212,465812.0,87.0,1
2023-03-26 14:00:00,14.225,0.0,4.95,55.75,1.0,2.96,253.895,26.309,464836.0,0.0,0
2023-03-26 15:00:00,14.225,0.0,5.325,52.5,1.0,2.705,222.028,71.565,472570.0,0.0,0
2023-03-26 16:00:00,14.05,0.0,5.375,52.0,1.0,2.27,151.5,154.409,488256.0,0.0,0
2023-03-26 17:00:00,13.375,0.0,5.4,47.75,1.0,1.57,66.522,166.881,543526.0,0.0,0
2023-03-26 18:00:00,12.575,0.0,5.025,48.0,1.0,0.765,11.397,176.469,622728.0,0.0,0
2023-03-26 19:00:00,11.3,0.0,5.65,49.75,0.25,0.12,6.325,201.583,738028.0,0.0,0
2023-03-26 20:00:00,10.725,0.0,5.525,48.75,0.0,0.0,6.359,211.532,830417.0,0.0,0
2023-03-26 21:00:00,10.225,0.0,4.7,48.0,0.0,0.0,4.621,206.915,843830.0,0.0,0
2023-03-26 22:00:00,9.725,0.0,5.2,51.5,0.0,0.0,1.682,200.218,833389.0,0.0,0
2023-03-26 23:00:00,9.375,0.0,4.75,52.5,0.0,0.0,0.297,199.688,823808.0,0.0,0
2023-03-27 00:00:00,9.45,0.0,4.275,48.5,0.0,0.0,0.0,177.166,800907.0,0.0,0
2023-03-27 01:00:00,9.075,0.0,4.825,49.5,0.0,0.0,0.192,198.481,758671.0,0.0,0
2023-03-27 02:00:00,9.275,0.0,4.55,50.75,0.0,0.0,0.154,159.962,722414.0,0.0,0
2023-03-27 03:00:00,8.95,0.0,4.175,49.75,0.0,0.0,0.137,153.882,707081.0,0.0,0
2023-03-27 04:00:00,8.9,0.0,3.575,50.0,0.0,0.0,0.068,160.966,689151.0,0.0,0
2023-03-27 05:00:00,8.975,0.0,5.2,48.75,0.0,0.0,0.026,178.494,690091.0,0.0,0
2023-03-27 06:00:00,8.85,0.0,5.325,48.25,0.0,0.0,0.909,169.372,704582.0,0.0,0
2023-03-27 07:00:00,8.625,0.0,4.125,49.0,0.0,0.005,26.989,165.612,737955.0,0.0,0
2023-03-27 08:00:00,8.975,0.0,4.4,47.75,0.225,0.385,129.025,150.465,752442.0,0.0,0
2023-03-27 09:00:00,10.625,0.0,4.325,42.25,0.975,1.225,226.24,144.688,656066.0,0.0,0
2023-03-27 10:00:00,11.4,0.0,4.7,38.75,1.0,2.15,287.536,62.775,607372.0,8.0,1
2023-03-27 11:00:00,12.0,0.0,5.4,38.0,1.0,2.86,315.934,13.644,569456.0,50.0,1
2023-03-27 12:00:00,12.5,0.0,4.975,38.5,1.0,3.21,303.375,5.339,541452.0,83.0,1
2023-03-27 13:00:00,12.825,0.0,4.675,36.25,1.0,3.31,300.441,4.284,521257.0,0.0,0
2023-03-27 14:00:00,13.175,0.0,4.625,38.0,1.0,3.23,300.545,8.648,531307.0,0.0,0
2023-03-27 15:00:00,13.35,0.0,4.5,38.0,1.0,2.995,249.802,59.761,535210.0,0.0,0
2023-03-27 16:00:00,13.3,0.0,5.175,38.25,1.0,2.535,170.077,111.73,553664.0,23.0,1
2023-03-27 17:00:00,13.0,0.0,4.625,38.75,1.0,1.74,76.81,124.16,605142.0,0.0,0
2023-03-27 18:00:00,12.475,0.0,4.375,40.25,1.0,0.87,11.969,128.063,673199.0,0.0,0
2023-03-27 19:00:00,11.225,0.0,4.4,44.0,0.35,0.145,7.026,129.168,784494.0,0.0,0
2023-03-27 20:00:00,10.65,0.0,4.55,49.0,0.0,0.0,7.112,116.157,874992.0,0.0,0
2023-03-27 21:00:00,10.025,0.0,4.475,50.25,0.0,0.0,5.053,107.115,880271.0,0.0,0
2023-03-27 22:00:00,9.85,0.0,3.425,48.25,0.0,0.0,2.118,98.719,866024.0,0.0,0
2023-03-27 23:00:00,8.925,0.0,2.725,51.75,0.0,0.0,0.694,62.123,846366.0,0.0,0
2023-03-28 00:00:00,8.575,0.0,2.525,50.75,0.0,0.0,0.137,51.486,830661.0,0.0,0
2023-03-28 01:00:00,8.525,0.0,2.4,45.5,0.0,0.0,0.192,19.232,787978.0,0.0,0
2023-03-28 02:00:00,8.625,0.0,3.025,43.5,0.0,0.0,0.199,9.306,755616.0,0.0,0
2023-03-28 03:00:00,8.55,0.0,2.45,45.0,0.0,0.0,0.198,6.659,737052.0,0.0,0
2023-03-28 04:00:00,7.875,0.0,2.125,47.25,0.0,0.0,0.077,5.91,731208.0,0.0,0
2023-03-28 05:00:00,7.95,0.0,2.375,54.5,0.0,0.0,0.047,22.417,734929.0,0.0,0
2023-03-28 06:00:00,8.125,0.0,2.85,53.0,0.0,0.0,2.549,14.356,755828.0,0.0,0
2023-03-28 07:00:00,8.425,0.0,2.875,49.5,0.025,0.015,42.154,8.736,783100.0,0.0,0
2023-03-28 08:00:00,10.525,0.0,2.2,44.5,0.85,0.425,125.788,4.411,730985.0,0.0,0
2023-03-28 09:00:00,13.525,0.0,2.35,39.5,1.0,1.21,202.066,7.083,640006.0,0.0,0
2023-03-28 10:00:00,14.675,0.0,2.6,38.25,1.0,1.935,248.933,8.899,608208.0,0.0,0
2023-03-28 11:00:00,15.525,0.0,3.325,39.75,1.0,2.495,283.684,7.27,574746.0,0.0,0
2023-03-28 12:00:00,15.9,0.0,3.975,42.25,1.0,2.88,296.157,1.676,540809.0,18.0,1
2023-03-28 13:00:00,16.05,0.0,3.8,42.25,1.0,3.035,292.293,8.595,521774.0,24.0,1
2023-03-28 14:00:00,15.975,0.0,3.95,45.0,1.0,2.98,264.878,19.113,530065.0,31.0,1
2023-03-28 15:00:00,15.95,0.0,4.0,42.25,1.0,2.665,214.045,15.611,543154.0,0.0,0
2023-03-28 16:00:00,16.075,0.0,3.05,41.5,1.0,2.15,138.106,7.735,571920.0,0.0,0
2023-03-28 17:00:00,15.8,0.0,2.65,44.5,1.0,1.39,59.754,2.808,616300.0,0.0,0
2023-03-28 18:00:00,14.9,0.0,2.275,49.75,0.925,0.62,11.15,7.876,668802.0,0.0,0
2023-03-28 19:00:00,13.55,0.0,2.25,54.5,0.025,0.09,7.723,17.618,750586.0,0.0,0
2023-03-28 20:00:00,12.65,0.0,2.225,57.25,0.0,0.0,7.811,12.983,842268.0,0.0,0
2023-03-28 21:00:00,12.05,0.0,2.75,59.25,0.0,0.0,5.158,10.597,848921.0,0.0,0
2023-03-28 22:00:00,11.65,0.0,2.625,61.5,0.0,0.0,2.112,10.264,834479.0,0.0,0
2023-03-28 23:00:00,11.475,0.0,2.325,62.0,0.0,0.0,0.69,8.417,815602.0,0.0,0
2023-03-29 00:00:00,11.25,0.0,2.15,65.0,0.0,0.0,0.158,5.74,795076.0,0.0,0
2023-03-29 01:00:00,11.15,0.0,2.125,65.75,0.0,0.0,0.192,3.086,746399.0,0.0,0
2023-03-29 02:00:00,11.225,0.0,2.1,64.25,0.0,0.0,0.198,4.121,712315.0,0.0,0
2023-03-29 03:00:00,10.875,0.0,2.225,67.25,0.0,0.0,0.198,1.816,699050.0,0.0,0
2023-03-29 04:00:00,10.875,0.0,2.1,67.0,0.0,0.0,0.078,7.231,692302.0,0.0,0
2023-03-29 05:00:00,10.75,0.0,1.825,69.0,0.0,0.0,0.043,8.58,697251.0,0.0,0
2023-03-29 06:00:00,10.2,0.0,1.775,73.0,0.0,0.0,2.874,7.714,714147.0,0.0,0
2023-03-29 07:00:00,10.525,0.0,1.8,74.5,0.0,0.02,40.835,2.167,744414.0,0.0,0
2023-03-29 08:00:00,12.125,0.0,1.575,69.5,0.725,0.425,123.323,0.197,702643.0,0.0,0
2023-03-29 09:00:00,14.225,0.0,2.025,66.75,1.0,1.21,203.851,0.374,625328.0,0.0,0
2023-03-29 10:00:00,15.475,0.0,2.375,62.75,1.0,1.945,252.048,1.775,594033.0,0.0,0
2023-03-29 11:00:00,16.025,0.0,3.05,63.75,1.0,2.525,282.804,3.389,565581.0,0.0,0
2023-03-29 12:00:00,16.2,0.0,3.15,64.25,1.0,3.085,288.398,1.703,535596.0,0.0,0
2023-03-29 13:00:00,16.1,0.0,3.725,63.75,0.95,3.2,282.552,1.394,519868.0,24.0,1
2023-03-29 14:00:00,16.075,0.0,3.125,60.75,1.0,3.105,259.542,1.587,528268.0,0.0,0
2023-03-29 15:00:00,16.1,0.0,3.25,59.75,1.0,2.71,203.005,2.168,538772.0,0.0,0
2023-03-29 16:00:00,16.05,0.0,3.225,61.25,1.0,2.115,127.07,0.371,570702.0,0.0,0
2023-03-29 17:00:00,15.5,0.0,2.35,61.5,1.0,1.345,62.508,0.229,618903.0,0.0,0
2023-03-29 18:00:00,14.9,0.0,1.975,62.0,0.85,0.695,12.852,0.097,666369.0,0.0,0
2023-03-29 19:00:00,13.725,0.0,1.2,66.75,0.125,0.105,7.489,0.285,739257.0,0.0,0
2023-03-29 20:00:00,12.8,0.0,1.475,70.25,0.0,0.0,7.493,0.27,825435.0,0.0,0
2023-03-29 21:00:00,12.175,0.0,1.675,72.5,0.0,0.0,4.919,0.327,838903.0,0.0,0
2023-03-29 22:00:00,12.05,0.0,1.75,68.25,0.0,0.0,1.964,0.011,827597.0,0.0,0
2023-03-29 23:00:00,11.925,0.0,1.8,70.0,0.0,0.0,0.69,0.476,810038.0,0.0,0
2023-03-30 00:00:00,11.45,0.0,2.1,66.5,0.0,0.0,0.159,1.194,794535.0,0.0,0
2023-03-31 01:00:00,14.225,0.0,2.225,73.25,0.0,0.0,0.19,8.79,691052.0,0.0,0
2023-03-31 02:00:00,14.125,0.0,2.925,69.5,0.0,0.0,0.198,5.041,662191.0,0.0,0
2023-03-31 03:00:00,14.05,1.15,2.65,67.25,0.0,0.0,0.172,3.154,646181.0,0.0,0
2023-03-31 04:00:00,13.85,0.0,2.3,66.25,0.0,0.0,0.068,5.183,638811.0,0.0,0
2023-03-31 05:00:00,13.925,0.0,2.425,63.5,0.0,0.0,0.05,6.816,642507.0,0.0,0
2023-03-31 06:00:00,13.525,0.05,1.875,63.75,0.0,0.0,2.125,3.86,665990.0,0.0,0
2023-03-31 07:00:00,13.8,0.0,2.225,63.25,0.025,0.02,38.187,4.755,698703.0,0.0,0
2023-03-31 08:00:00,15.125,0.0,1.8,58.0,0.375,0.37,136.143,7.995,674878.0,0.0,0
2023-03-31 09:00:00,17.6,0.0,3.575,55.75,0.95,1.32,220.158,20.038,599929.0,0.0,0
2023-03-31 10:00:00,18.35,0.0,3.825,55.75,1.0,2.07,271.627,26.256,571043.0,0.0,0
2023-03-31 11:00:00,18.55,0.0,4.725,54.25,1.0,2.665,301.496,10.161,544059.0,0.0,0
2023-03-31 12:00:00,18.95,0.0,4.025,53.0,1.0,3.085,295.804,4.633,524656.0,23.0,1
2023-03-31 13:00:00,19.175,0.0,3.55,51.0,1.0,3.17,284.886,6.013,515154.0,0.0,0
2023-03-31 14:00:00,19.825,0.0,4.175,43.5,1.0,2.935,233.339,19.492,534918.0,34.0,1
2023-03-31 15:00:00,19.625,0.0,3.825,42.0,0.85,2.485,202.838,17.066,553499.0,0.0,0
2023-03-31 16:00:00,19.6,0.0,3.525,39.5,0.975,2.13,148.213,18.177,565128.0,0.0,0
2023-03-31 17:00:00,19.2,0.0,3.45,41.0,0.975,1.475,66.388,5.917,601876.0,0.0,0
2023-03-31 18:00:00,18.55,0.0,2.975,44.25,0.85,0.75,14.034,5.623,653778.0,0.0,0
2023-03-31 19:00:00,16.9,0.0,2.525,50.25,0.4,0.145,7.712,11.276,716131.0,0.0,0
2023-03-31 20:00:00,15.75,0.0,1.475,53.75,0.0,0.0,7.843,9.062,799540.0,0.0,0
2023-03-31 21:00:00,14.975,0.0,1.675,54.75,0.0,0.0,5.219,4.394,818639.0,0.0,0
2023-03-31 22:00:00,14.675,0.0,1.725,48.75,0.0,0.0,2.097,2.636,811861.0,0.0,0
2023-03-31 23:00:00,14.45,0.0,1.925,45.75,0.0,0.0,0.681,6.897,797176.0,0.0,0
2023-04-01 00:00:00,14.475,0.0,2.275,44.25,0.0,0.0,0.156,6.451,778193.0,0.0,0
2023-04-01 01:00:00,14.575,0.0,2.15,44.25,0.0,0.0,0.191,6.426,736526.0,0.0,0
2023-04-01 02:00:00,14.575,0.0,2.175,48.5,0.0,0.0,0.198,8.641,701425.0,0.0,0
2023-04-01 03:00:00,14.375,0.0,2.15,52.75,0.0,0.0,0.198,10.692,677568.0,0.0,0
2023-04-01 04:00:00,14.575,0.0,2.9,60.25,0.0,0.0,0.099,14.971,662547.0,0.0,0
2023-04-01 05:00:00,14.65,0.0,2.825,63.75,0.0,0.0,0.076,33.573,650822.0,0.0,0
2023-04-01 06:00:00,14.625,0.0,3.3,67.25,0.0,0.0,3.865,28.693,651474.0,0.0,0
2023-04-01 07:00:00,14.475,0.0,2.775,68.5,0.025,0.04,34.551,23.573,668859.0,0.0,0
2023-04-01 08:00:00,15.7,0.0,2.825,72.5,0.35,0.37,84.249,14.373,624706.0,0.0,0
2023-04-01 09:00:00,17.0,0.0,3.1,73.0,0.55,0.88,138.712,12.708,584773.0,0.0,0
2023-04-01 10:00:00,18.15,0.0,3.425,71.0,0.85,1.555,196.129,15.645,566464.0,0.0,0
2023-04-01 11:00:00,19.2,0.0,4.45,68.0,1.0,2.165,260.125,6.869,535896.0,0.0,0
2023-04-01 12:00:00,19.475,0.0,4.0,68.0,1.0,2.73,267.177,3.072,500907.0,20.0,1
2023-04-01 13:00:00,19.55,0.0,4.3,69.0,1.0,2.91,241.12,3.585,495890.0,0.0,0
2023-04-01 14:00:00,19.175,0.0,4.4,69.75,1.0,2.525,227.858,15.15,509192.0,21.0,1
2023-04-01 15:00:00,19.575,0.0,4.225,65.75,0.975,2.655,194.319,16.287,505156.0,3.0,1
2023-04-01 16:00:00,19.375,0.0,4.45,65.5,0.975,2.16,135.812,11.722,531186.0,0.0,0
2023-04-01 17:00:00,19.25,0.0,3.65,61.75,0.925,1.33,61.652,11.654,565816.0,0.0,0
2023-04-01 18:00:00,18.3,0.0,3.4,63.75,0.75,0.67,15.735,11.778,629078.0,0.0,0
2023-04-01 19:00:00,17.375,0.0,3.25,63.75,0.2,0.13,7.64,12.305,687286.0,0.0,0
2023-04-01 20:00:00,16.275,0.0,2.425,66.25,0.0,0.0,7.759,8.719,760556.0,0.0,0
2023-04-01 21:00:00,15.6,0.0,2.025,67.25,0.0,0.0,5.565,6.066,779194.0,0.0,0
2023-04-01 22:00:00,15.35,0.0,2.975,70.75,0.0,0.0,2.276,33.036,771971.0,0.0,0
2023-04-01 23:00:00,15.05,0.0,3.725,74.0,0.0,0.0,0.668,47.524,755087.0,0.0,0
2023-04-02 00:00:00,15.0,0.0,3.375,79.25,0.0,0.0,0.155,45.367,734674.0,0.0,0
2023-04-02 01:00:00,14.6,0.0,3.875,78.0,0.0,0.0,0.191,57.937,690763.0,0.0,0
2023-04-02 02:00:00,14.75,0.0,3.55,75.75,0.0,0.0,0.156,66.12,664739.0,0.0,0
2023-04-02 03:00:00,14.45,0.0,3.625,72.25,0.0,0.0,0.137,72.474,645203.0,0.0,0
2023-04-02 04:00:00,14.25,0.0,3.7,71.25,0.0,0.0,0.067,49.726,638515.0,0.0,0
2023-04-02 05:00:00,14.175,0.0,2.8,60.25,0.0,0.0,0.058,82.186,641878.0,0.0,0
2023-04-02 06:00:00,14.225,0.0,3.35,54.25,0.0,0.0,3.787,76.242,663899.0,0.0,0
2023-04-02 07:00:00,14.6,0.0,3.775,49.0,0.15,0.03,47.263,69.366,676520.0,0.0,0
2023-04-02 08:00:00,16.0,0.0,3.6,45.75,0.95,0.515,135.635,71.935,600986.0,0.0,0
2023-04-02 09:00:00,17.55,0.0,4.3,42.0,1.0,1.31,219.055,53.802,523570.0,0.0,0
2023-04-02 10:00:00,18.05,0.0,5.225,42.75,1.0,2.11,247.591,10.258,493462.0,0.0,0
2023-04-02 11:00:00,18.475,0.0,5.425,44.0,1.0,2.72,236.581,7.769,478393.0,0.0,0
2023-04-02 12:00:00,18.5,0.0,4.95,49.75,1.0,3.12,231.714,7.856,469463.0,0.0,0
2023-04-02 13:00:00,18.4,0.0,5.15,53.5,1.0,3.275,230.283,7.704,466104.0,62.0,1
2023-04-02 14:00:00,18.675,0.0,5.3,50.75,1.0,3.225,221.704,7.579,468384.0,0.0,0
2023-04-02 15:00:00,18.825,0.0,5.25,50.5,1.0,2.875,198.802,9.408,475822.0,0.0,0
2023-04-02 16:00:00,18.775,0.0,5.925,46.75,1.0,2.375,165.179,92.935,496999.0,60.0,1
2023-04-02 17:00:00,18.225,0.0,4.425,52.25,1.0,1.67,75.699,141.16,523488.0,0.0,0
2023-04-02 18:00:00,17.85,0.0,5.675,40.75,0.975,0.845,13.356,135.634,602417.0,0.0,0
2023-04-02 19:00:00,16.75,0.0,4.125,48.0,0.45,0.155,7.645,132.721,692471.0,0.0,0
2023-04-02 20:00:00,15.975,0.0,4.2,50.5,0.0,0.0,7.804,148.309,769496.0,0.0,0
2023-04-02 21:00:00,15.85,0.0,4.75,50.0,0.0,0.0,5.618,175.743,775462.0,0.0,0
2023-04-02 22:00:00,15.725,0.0,4.8,49.0,0.0,0.0,2.414,165.218,768416.0,0.0,0
2023-04-02 23:00:00,15.425,0.0,4.475,49.5,0.0,0.0,0.689,151.876,751938.0,0.0,0
2023-04-03 00:00:00,14.8,0.0,3.75,52.5,0.0,0.0,0.152,119.151,734916.0,0.0,0
2023-04-03 01:00:00,14.425,0.0,3.525,54.75,0.0,0.0,0.191,111.403,696599.0,0.0,0
2023-04-03 02:00:00,13.95,0.0,4.3,62.25,0.0,0.0,0.15,101.819,669290.0,0.0,0
2023-04-03 03:00:00,13.65,0.0,3.25,63.5,0.0,0.0,0.137,91.084,650033.0,0.0,0
2023-04-03 04:00:00,13.6,0.0,4.525,69.5,0.0,0.0,0.067,113.708,640579.0,0.0,0
2023-04-03 05:00:00,13.525,0.0,4.575,71.5,0.0,0.0,0.072,142.843,643525.0,0.0,0
2023-04-03 06:00:00,13.475,0.0,4.675,73.5,0.0,0.0,3.97,118.198,661350.0,0.0,0
2023-04-03 07:00:00,13.75,0.0,4.575,69.5,0.05,0.055,38.769,119.573,675458.0,0.0,0
2023-04-03 08:00:00,14.725,0.0,4.0,65.0,0.725,0.495,111.541,143.591,640546.0,0.0,0
2023-04-03 09:00:00,16.3,0.0,4.325,61.5,0.775,1.22,185.979,142.771,600331.0,0.0,0
2023-04-03 10:00:00,17.5,0.0,5.775,56.0,0.75,1.755,225.916,85.934,578732.0,11.0,1
2023-04-03 11:00:00,18.275,0.0,6.475,55.0,0.9,2.77,257.75,31.369,555415.0,71.0,1
2023-04-03 12:00:00,18.625,0.0,6.625,55.25,0.925,3.185,278.972,16.205,528095.0,0.0,0
2023-04-03 13:00:00,19.125,0.0,5.575,53.0,0.95,3.35,288.606,14.742,512408.0,114.0,1
2023-04-03 14:00:00,19.25,0.0,5.4,52.5,1.0,3.29,272.963,15.392,522096.0,114.0,1
2023-04-03 15:00:00,19.325,0.0,4.95,54.0,1.0,2.96,223.816,70.012,523052.0,107.0,1
2023-04-03 16:00:00,18.65,0.0,4.8,58.0,0.95,2.405,139.248,73.838,541956.0,0.0,0
2023-04-03 17:00:00,17.975,0.0,4.55,60.5,0.9,1.565,62.924,61.156,595910.0,0.0,0
2023-04-03 18:00:00,16.75,0.0,4.325,64.5,0.85,0.77,11.81,53.432,646403.0,0.0,0
2023-04-03 19:00:00,15.6,0.0,4.975,68.25,0.125,0.11,7.72,46.56,710404.0,0.0,0
2023-04-03 20:00:00,15.025,0.0,4.1,72.0,0.0,0.0,7.619,49.318,772459.0,0.0,0
2023-04-03 21:00:00,15.075,0.0,4.625,71.75,0.0,0.0,5.208,47.111,773038.0,0.0,0
2023-04-03 22:00:00,15.075,0.0,4.825,74.75,0.0,0.0,2.125,45.866,748796.0,0.0,0
2023-04-03 23:00:00,14.9,0.0,4.05,78.0,0.0,0.0,0.684,38.338,725446.0,0.0,0
2023-04-04 00:00:00,14.95,0.0,3.975,78.5,0.0,0.0,0.168,27.404,705188.0,0.0,0
2023-04-07 01:00:00,9.875,0.675,3.225,94.0,0.0,0.0,0.189,70.739,720589.0,0.0,0
2023-04-07 02:00:00,9.875,0.033,4.375,92.5,0.0,0.0,0.133,131.695,682085.0,0.0,0
2023-04-07 03:00:00,10.05,0.0,4.725,91.5,0.0,0.0,0.0,126.516,663676.0,0.0,0
2023-04-07 04:00:00,10.075,0.0,4.125,88.5,0.0,0.0,0.015,164.057,653185.0,0.0,0
2023-04-07 05:00:00,10.1,0.0,4.45,86.0,0.0,0.0,0.041,199.183,658133.0,0.0,0
2023-04-07 06:00:00,10.075,0.0,3.65,79.75,0.0,0.0,4.855,197.498,688591.0,0.0,0
2023-04-07 07:00:00,10.175,0.0,4.15,79.0,0.1,0.065,48.626,184.939,713788.0,0.0,0
2023-04-07 08:00:00,11.3,0.0,3.975,74.5,0.625,0.52,124.513,154.645,668777.0,0.0,0
2023-04-07 09:00:00,12.225,0.0,5.525,68.5,0.75,0.97,194.9,168.566,624199.0,0.0,0
2023-04-07 10:00:00,13.175,0.0,5.725,66.0,0.775,1.76,248.503,106.969,619056.0,5.0,1
2023-04-07 11:00:00,13.725,0.0,5.125,64.0,0.775,2.17,294.678,29.959,593991.0,28.0,1
2023-04-07 12:00:00,14.275,0.0,5.825,63.25,0.875,2.67,276.931,42.458,562786.0,93.0,1
2023-04-07 13:00:00,14.625,0.0,5.15,63.75,0.725,2.345,269.624,60.161,560465.0,102.0,1
2023-04-07 14:00:00,14.95,0.0,6.475,63.5,0.9,2.77,201.352,102.646,563796.0,97.0,1
2023-04-07 15:00:00,14.375,0.0,5.9,66.5,0.575,1.315,135.753,117.05,597720.0,6.0,1
2023-04-07 16:00:00,13.55,0.0,7.05,70.5,0.5,0.85,86.587,104.094,640413.0,0.0,0
2023-04-07 17:00:00,12.9,0.0,5.9,74.0,0.4,0.72,48.853,101.735,661769.0,0.0,0
2023-04-07 18:00:00,12.125,0.0,5.9,76.0,0.4,0.39,11.395,148.714,689656.0,0.0,0
2023-04-07 19:00:00,11.325,0.0,7.075,77.5,0.0,0.085,7.953,189.245,759469.0,0.0,0
2023-04-07 20:00:00,11.025,0.0,6.925,74.0,0.0,0.0,7.261,171.243,835866.0,0.0,0
2023-04-07 21:00:00,10.45,0.0,6.725,73.25,0.0,0.0,5.212,159.822,837784.0,0.0,0
2023-04-07 22:00:00,10.175,0.0,5.55,65.0,0.0,0.0,2.114,172.263,827227.0,0.0,0
2023-04-07 23:00:00,9.65,0.0,6.425,64.5,0.0,0.0,0.455,174.612,824375.0,0.0,0
2023-04-08 00:00:00,9.225,0.0,5.85,55.5,0.0,0.0,0.156,169.226,816189.0,0.0,0
2023-04-08 01:00:00,8.55,0.0,5.75,51.75,0.0,0.0,0.192,167.461,780585.0,0.0,0
2023-04-08 02:00:00,8.225,0.0,5.3,50.75,0.0,0.0,0.198,170.556,748770.0,0.0,0
2023-04-08 03:00:00,7.975,0.0,6.025,52.0,0.0,0.0,0.198,163.128,733913.0,0.0,0
2023-04-08 04:00:00,7.8,0.0,5.65,50.25,0.0,0.0,0.097,165.534,728337.0,0.0,0
2023-04-08 05:00:00,7.3,0.0,5.525,54.0,0.0,0.0,0.101,203.049,729582.0,0.0,0
2023-04-08 06:00:00,7.175,0.0,5.0,52.25,0.0,0.0,5.62,183.228,749504.0,0.0,0
2023-04-08 07:00:00,7.725,0.0,4.075,51.25,0.425,0.095,62.449,143.674,753532.0,0.0,0
2023-04-08 08:00:00,9.45,0.0,4.65,49.25,1.0,0.685,166.073,67.09,653955.0,0.0,0
2023-04-08 09:00:00,11.325,0.0,4.675,44.0,1.0,1.545,248.942,24.898,554535.0,48.0,1
2023-04-08 10:00:00,12.925,0.0,4.525,37.0,1.0,2.35,269.938,6.636,517059.0,72.0,1
2023-04-08 11:00:00,13.95,0.0,5.6,34.75,1.0,2.935,249.612,4.654,510823.0,0.0,0
2023-04-08 12:00:00,14.425,0.0,6.6,38.0,1.0,3.32,248.984,6.852,485985.0,97.0,1
2023-04-08 13:00:00,14.425,0.0,7.475,42.75,1.0,3.455,241.411,7.03,492431.0,0.0,0
2023-04-08 14:00:00,14.525,0.0,7.825,48.0,1.0,3.345,226.367,9.514,496219.0,97.0,1
2023-04-08 15:00:00,14.6,0.0,6.8,47.25,1.0,3.015,214.559,24.509,503265.0,96.0,1
2023-04-08 16:00:00,14.275,0.0,6.45,48.5,1.0,2.475,172.553,79.216,517373.0,80.0,1
2023-04-08 17:00:00,13.65,0.0,5.9,47.75,1.0,1.75,83.752,100.531,549207.0,0.0,0
2023-04-08 18:00:00,13.1,0.0,4.95,46.75,0.975,0.93,15.913,79.149,624031.0,0.0,0
2023-04-08 19:00:00,11.525,0.0,4.1,50.0,0.5,0.21,7.805,76.824,728575.0,0.0,0
2023-04-08 20:00:00,10.55,0.0,3.65,54.5,0.0,0.0,7.905,78.281,832566.0,0.0,0
2023-04-08 21:00:00,9.725,0.0,3.4,60.25,0.0,0.0,5.396,89.373,854795.0,0.0,0
2023-04-08 22:00:00,10.1,0.0,3.775,60.5,0.0,0.0,2.434,84.597,848145.0,0.0,0
2023-04-08 23:00:00,9.825,0.0,2.65,59.75,0.0,0.0,0.691,60.881,840670.0,0.0,0
2023-04-09 00:00:00,9.025,0.0,2.375,60.25,0.0,0.0,0.148,46.467,827899.0,0.0,0
2023-04-09 01:00:00,8.3,0.0,2.05,58.25,0.0,0.0,0.192,43.811,791247.0,0.0,0
2023-04-09 02:00:00,7.975,0.0,2.525,48.5,0.0,0.0,0.176,39.202,761832.0,0.0,0
2023-04-09 03:00:00,8.575,0.0,2.4,44.25,0.0,0.0,0.137,39.017,744372.0,0.0,0
2023-04-09 04:00:00,8.575,0.0,2.075,43.5,0.0,0.0,0.067,35.461,734802.0,0.0,0
2023-04-09 05:00:00,8.4,0.0,2.725,43.5,0.0,0.0,0.103,50.872,737878.0,0.0,0
2023-04-09 06:00:00,7.9,0.0,2.6,46.0,0.0,0.0,6.435,49.213,751685.0,0.0,0
2023-04-09 07:00:00,8.725,0.0,2.125,45.25,0.375,0.09,61.013,23.202,746270.0,0.0,0
2023-04-09 08:00:00,11.675,0.0,1.3,43.0,1.0,0.675,157.87,7.264,631821.0,0.0,0
2023-04-09 09:00:00,14.125,0.0,1.725,36.5,1.0,1.52,235.565,1.715,522632.0,2.0,1
2023-04-09 10:00:00,15.325,0.0,2.7,37.5,1.0,2.345,244.501,1.488,493212.0,0.0,0
2023-04-09 11:00:00,16.175,0.0,3.475,37.5,1.0,2.98,241.78,1.207,486189.0,0.0,0
2023-04-09 12:00:00,16.525,0.0,3.925,36.25,1.0,3.355,237.407,2.616,478901.0,13.0,1
2023-04-09 13:00:00,16.95,0.0,4.15,35.5,1.0,3.48,233.347,1.772,472640.0,0.0,0
2023-04-09 14:00:00,17.15,0.0,4.525,36.5,1.0,3.375,226.915,2.914,473867.0,14.0,1
2023-04-09 15:00:00,16.775,0.0,4.425,36.0,1.0,3.035,225.698,3.403,477711.0,0.0,0
2023-04-09 16:00:00,16.7,0.0,4.125,39.0,1.0,2.465,171.135,13.296,487599.0,0.0,0
2023-04-09 17:00:00,15.775,0.0,3.8,37.25,1.0,1.73,80.858,9.139,527371.0,1.0,1
2023-04-09 18:00:00,15.075,0.0,3.0,37.0,0.95,0.9,16.68,6.022,604927.0,0.0,0
2023-04-09 19:00:00,13.425,0.0,2.425,39.25,0.45,0.195,7.745,6.679,699478.0,0.0,0
2023-04-09 20:00:00,12.025,0.0,2.0,45.25,0.0,0.0,7.94,2.837,810084.0,0.0,0
2023-04-09 21:00:00,11.125,0.0,2.35,49.25,0.0,0.0,5.464,8.55,842863.0,0.0,0
2023-04-09 22:00:00,10.775,0.0,2.725,53.0,0.0,0.0,2.431,32.093,837282.0,0.0,0
2023-04-09 23:00:00,10.325,0.0,2.575,55.25,0.0,0.0,0.689,53.063,821989.0,0.0,0
2023-04-10 00:00:00,9.75,0.0,2.325,59.75,0.0,0.0,0.151,74.359,799013.0,0.0,0
2023-04-10 01:00:00,10.6,0.0,3.5,56.75,0.0,0.0,0.192,86.544,751784.0,0.0,0
2023-04-10 02:00:00,10.575,0.0,3.625,60.25,0.0,0.0,0.173,75.98,712889.0,0.0,0
2023-04-10 03:00:00,10.65,0.0,3.5,62.25,0.0,0.0,0.137,67.127,691331.0,0.0,0
2023-04-10 04:00:00,10.7,0.0,3.5,63.5,0.0,0.0,0.067,65.612,680894.0,0.0,0
2023-04-10 05:00:00,10.6,0.0,3.55,64.5,0.0,0.0,0.108,82.132,681597.0,0.0,0
2023-04-10 06:00:00,10.5,0.0,3.4,67.5,0.0,0.0,7.008,77.485,701306.0,0.0,0
2023-04-10 07:00:00,10.925,0.0,3.1,68.25,0.225,0.075,57.343,46.722,712592.0,0.0,0
2023-04-10 08:00:00,13.15,0.0,3.0,64.0,0.95,0.625,145.0,45.569,647696.0,0.0,0
2023-04-10 09:00:00,14.775,0.0,3.925,61.5,0.975,1.35,227.633,61.875,596493.0,0.0,0
2023-04-10 10:00:00,15.575,0.0,5.225,61.25,1.0,2.2,280.437,21.484,574970.0,0.0,0
2023-04-10 11:00:00,16.025,0.0,4.6,61.75,1.0,2.735,277.716,6.177,557191.0,60.0,1
2023-04-10 12:00:00,16.3,0.0,5.2,61.25,1.0,2.675,271.608,9.801,556211.0,64.0,1
2023-04-10 13:00:00,16.4,0.0,5.025,63.25,1.0,2.875,285.546,11.198,534083.0,39.0,1
2023-04-10 14:00:00,16.9,0.0,5.325,63.0,1.0,3.055,259.211,22.6,540818.0,0.0,0
2023-04-10 15:00:00,16.925,0.0,5.55,62.25,1.0,2.68,223.143,56.804,550449.0,0.0,0
2023-04-10 16:00:00,16.75,0.0,5.025,62.75,1.0,2.29,153.351,46.772,567914.0,0.0,0
2023-04-10 17:00:00,16.6,0.0,4.325,63.75,1.0,1.485,73.327,26.591,608689.0,0.0,0
2023-04-10 18:00:00,15.875,0.0,3.775,66.0,0.875,0.82,17.019,32.729,654782.0,0.0,0
2023-04-10 19:00:00,14.775,0.0,2.8,70.0,0.225,0.165,8.088,82.477,714544.0,0.0,0
2023-04-10 20:00:00,14.35,0.0,3.15,70.25,0.0,0.0,8.312,121.151,793632.0,0.0,0
2023-04-10 21:00:00,14.5,0.0,3.2,70.25,0.0,0.0,5.554,120.784,807512.0,0.0,0
2023-04-10 22:00:00,14.3,0.0,3.975,71.25,0.0,0.0,2.26,133.058,794333.0,0.0,0
2023-04-10 23:00:00,14.2,0.0,4.175,77.0,0.0,0.0,0.682,142.47,770835.0,0.0,0
2023-04-11 00:00:00,14.6,0.0,4.35,78.75,0.0,0.0,0.158,152.526,744273.0,0.0,0
2023-04-11 01:00:00,14.825,0.0,5.05,79.25,0.0,0.0,0.191,155.144,692781.0,0.0,0
2023-04-11 02:00:00,14.975,0.0,4.85,77.25,0.0,0.0,0.198,128.858,655463.0,0.0,0
2023-04-11 03:00:00,15.225,0.0,4.65,74.25,0.0,0.0,0.184,92.9,632634.0,0.0,0
2023-04-11 04:00:00,15.225,0.0,4.075,73.0,0.0,0.0,0.085,87.601,618374.0,0.0,0
2023-04-11 05:00:00,15.75,0.0,4.775,71.0,0.0,0.0,0.081,124.781,605347.0,0.0,0
2023-04-11 06:00:00,16.3,0.0,4.375,75.0,0.0,0.0,5.786,130.572,610566.0,0.0,0
2023-04-11 07:00:00,16.325,0.0,4.075,78.5,0.0,0.055,48.675,158.281,630787.0,0.0,0
2023-04-11 08:00:00,17.35,0.0,4.775,77.25,0.525,0.61,117.477,165.267,616532.0,0.0,0
2023-04-11 09:00:00,18.825,0.0,4.8,71.0,0.525,1.165,160.668,145.919,602069.0,0.0,0
2023-04-11 10:00:00,19.825,0.0,6.175,68.25,0.5,1.61,187.664,134.396,604759.0,10.0,1
2023-04-11 11:00:00,20.275,0.0,5.875,68.0,0.5,2.01,231.534,83.428,594264.0,25.0,1
2023-04-11 12:00:00,20.925,0.0,6.15,68.0,0.5,2.215,247.447,26.628,574806.0,99.0,1
2023-04-11 13:00:00,20.975,0.0,6.875,68.25,0.6,2.08,224.744,73.135,551505.0,153.0,1
2023-04-11 14:00:00,20.925,0.0,7.075,68.5,0.525,2.02,153.188,157.262,577992.0,101.0,1
2023-04-11 15:00:00,20.6,0.0,6.35,72.5,0.475,1.875,92.024,161.807,613843.0,5.0,1
2023-04-11 16:00:00,19.8,0.0,6.475,76.75,0.425,1.455,48.837,141.576,643376.0,0.0,0
2023-04-11 17:00:00,19.325,0.0,6.05,78.75,0.175,0.59,13.951,111.155,679288.0,0.0,0
2023-04-11 18:00:00,18.425,0.1,4.65,83.5,0.0,0.125,2.965,82.354,736391.0,0.0,0
2023-04-11 19:00:00,17.875,0.033,4.725,86.25,0.0,0.015,6.393,82.022,755868.0,0.0,0
2023-04-11 20:00:00,17.375,0.2,4.175,87.5,0.0,0.0,4.212,78.925,765808.0,0.0,0
2023-04-11 21:00:00,16.975,0.0,4.5,88.5,0.0,0.0,2.666,53.625,756368.0,0.0,0
2023-04-11 22:00:00,16.0,0.0,3.75,90.75,0.0,0.0,0.526,38.355,735189.0,0.0,0
2023-04-11 23:00:00,15.55,0.0,2.4,92.75,0.0,0.0,0.374,33.501,722984.0,0.0,0
2023-04-12 00:00:00,15.425,0.0,4.025,91.5,0.0,0.0,0.145,78.628,699060.0,0.0,0
2023-04-12 01:00:00,14.6,0.0,4.0,91.5,0.0,0.0,0.187,101.638,655672.0,0.0,0
2023-04-12 02:00:00,14.15,0.0,4.675,86.0,0.0,0.0,0.137,135.744,635476.0,0.0,0
2023-04-12 03:00:00,13.75,0.0,3.95,76.75,0.0,0.0,0.137,163.526,622167.0,0.0,0
2023-04-12 04:00:00,13.625,0.0,3.8,63.5,0.0,0.0,0.029,150.829,623525.0,0.0,0
2023-04-12 05:00:00,13.675,0.0,4.175,52.75,0.0,0.0,0.088,186.465,633425.0,0.0,0
2023-04-12 06:00:00,13.1,0.0,4.125,55.75,0.0,0.0,6.914,179.956,652835.0,0.0,0
2023-04-12 07:00:00,13.15,0.0,4.2,49.5,0.0,0.06,55.311,172.101,675757.0,0.0,0
2023-04-12 08:00:00,13.9,0.0,4.725,46.0,0.55,0.55,143.622,154.274,638360.0,0.0,0
2023-04-12 09:00:00,15.0,0.0,4.95,38.25,1.0,1.34,235.589,87.424,595116.0,0.0,0
2023-04-12 10:00:00,15.675,0.0,5.1,34.5,1.0,2.18,291.587,14.089,573824.0,0.0,0
2023-04-12 11:00:00,16.1,0.0,4.975,29.5,1.0,2.88,289.024,5.025,546515.0,0.0,0
2023-04-12 12:00:00,16.7,0.0,4.5,27.25,1.0,3.355,269.567,4.34,535356.0,165.0,1
2023-04-12 13:00:00,17.825,0.0,5.0,23.75,1.0,3.59,261.461,6.661,519643.0,0.0,0
2023-04-12 14:00:00,17.55,0.0,4.75,24.0,1.0,3.465,266.061,10.567,533007.0,162.0,1
2023-04-12 15:00:00,17.35,0.0,4.525,25.0,1.0,3.09,247.506,21.756,539213.0,0.0,0
2023-04-12 16:00:00,17.425,0.0,4.25,27.5,1.0,2.535,178.172,59.522,550784.0,137.0,1
2023-04-12 17:00:00,16.8,0.0,4.525,34.25,1.0,1.77,85.331,56.739,587974.0,0.0,0
2023-04-12 18:00:00,15.85,0.0,4.125,37.25,0.95,0.95,18.426,107.3,647977.0,0.0,0
2023-04-12 19:00:00,14.325,0.0,3.225,39.5,0.425,0.215,7.913,105.276,713386.0,0.0,0
2023-04-12 20:00:00,13.025,0.0,2.6,44.75,0.0,0.0,8.089,65.845,815643.0,0.0,0
2023-04-12 21:00:00,12.6,0.0,2.8,43.5,0.0,0.0,5.461,61.239,837873.0,0.0,0
2023-04-12 22:00:00,11.875,0.0,3.125,43.75,0.0,0.0,2.09,81.438,826220.0,0.0,0
2023-04-12 23:00:00,11.775,0.0,2.425,38.0,0.0,0.0,0.686,13.282,812853.0,0.0,0
2023-04-13 00:00:00,10.925,0.0,2.95,39.5,0.0,0.0,0.153,36.465,801482.0,0.0,0
2023-04-13 01:00:00,11.075,0.0,3.175,41.5,0.0,0.0,0.191,49.916,754370.0,0.0,0
2023-04-13 02:00:00,10.575,0.0,2.775,39.25,0.0,0.0,0.198,52.153,721270.0,0.0,0
2023-04-13 03:00:00,10.325,0.0,2.575,33.0,0.0,0.0,0.198,35.506,700432.0,0.0,0
2023-04-13 04:00:00,9.6,0.0,3.15,35.25,0.0,0.0,0.097,16.429,695873.0,0.0,0
2023-04-13 05:00:00,9.025,0.0,2.175,47.0,0.0,0.0,0.103,22.204,702689.0,0.0,0
2023-04-13 06:00:00,9.575,0.0,2.975,48.75,0.0,0.0,9.488,11.441,722874.0,0.0,0
2023-04-13 07:00:00,10.3,0.0,1.725,53.75,0.1,0.085,63.104,9.747,725189.0,0.0,0
2023-04-13 08:00:00,13.15,0.0,1.525,47.75,0.95,0.66,136.998,5.584,647084.0,0.0,0
2023-04-13 09:00:00,15.6,0.0,1.425,42.0,1.0,1.315,222.977,5.717,604790.0,0.0,0
2023-04-13 10:00:00,16.775,0.0,2.925,45.25,1.0,2.22,281.026,5.139,570504.0,0.0,0
2023-04-13 11:00:00,17.55,0.0,3.3,45.0,1.0,2.855,291.14,1.912,548668.0,0.0,0
2023-04-13 12:00:00,17.9,0.0,3.2,48.5,1.0,3.24,277.192,1.184,538250.0,11.0,1
2023-04-13 13:00:00,18.225,0.0,3.125,50.25,1.0,3.35,274.227,0.922,526994.0,0.0,0
2023-04-13 14:00:00,18.325,0.0,3.425,49.0,1.0,3.25,277.077,2.941,541009.0,0.0,0
2023-04-13 15:00:00,18.275,0.0,3.85,50.5,1.0,2.915,238.623,11.458,543485.0,9.0,1
2023-04-13 16:00:00,18.4,0.0,4.05,52.25,1.0,2.38,164.536,22.151,556487.0,1.0,1
2023-04-13 17:00:00,18.4,0.0,3.275,55.25,1.0,1.665,73.57,28.168,597202.0,0.0,0
2023-04-13 18:00:00,17.6,0.0,2.8,58.75,0.9,0.755,17.494,32.006,652952.0,0.0,0
2023-04-13 19:00:00,16.775,0.0,2.85,62.25,0.05,0.16,8.124,49.491,707304.0,0.0,0
2023-04-13 20:00:00,15.95,0.0,2.925,69.75,0.0,0.0,8.335,37.079,789299.0,0.0,0
2023-04-13 21:00:00,15.025,0.0,1.925,72.75,0.0,0.0,5.704,25.633,802906.0,0.0,0
2023-04-13 22:00:00,14.625,0.0,2.175,77.0,0.0,0.0,2.118,29.604,783166.0,0.0,0
2023-04-13 23:00:00,14.775,0.0,2.225,76.0,0.0,0.0,0.687,58.151,758293.0,0.0,0
2023-04-14 00:00:00,15.1,0.0,2.725,76.5,0.0,0.0,0.154,64.036,724135.0,0.0,0
2023-04-15 01:00:00,14.825,0.35,3.0,94.0,0.0,0.0,0.0,43.898,669732.0,0.0,0
2023-04-15 02:00:00,14.7,0.5,3.7,93.75,0.0,0.0,0.0,57.242,634451.0,0.0,0
2023-04-15 03:00:00,14.425,0.6,3.8,94.75,0.0,0.0,0.0,64.279,614927.0,0.0,0
2023-04-15 04:00:00,14.05,0.45,4.275,93.75,0.0,0.0,0.0,78.647,605482.0,0.0,0
2023-04-15 05:00:00,13.75,1.15,3.975,94.25,0.0,0.0,0.007,84.52,610945.0,0.0,0
2023-04-15 06:00:00,13.55,0.433,3.175,96.0,0.0,0.0,0.541,67.941,627398.0,0.0,0
2023-04-15 07:00:00,13.875,0.433,4.65,97.5,0.0,0.01,6.48,97.832,641614.0,0.0,0
2023-04-15 08:00:00,13.875,0.367,3.575,97.5,0.0,0.045,47.294,85.191,656529.0,0.0,0
2023-04-15 09:00:00,14.675,0.0,2.8,93.0,0.075,0.54,92.841,54.293,637039.0,0.0,0
2023-04-15 10:00:00,14.775,0.1,2.675,92.25,0.0,0.585,91.249,53.312,625173.0,0.0,0
2023-04-15 11:00:00,15.1,0.05,3.6,89.25,0.025,0.935,177.876,70.186,634235.0,0.0,0
2023-04-15 12:00:00,16.05,0.0,4.825,84.0,0.225,1.87,254.189,39.943,577120.0,0.0,0
2023-04-15 13:00:00,16.975,0.0,5.85,78.5,0.65,2.705,226.187,41.071,534926.0,77.0,1
2023-04-15 14:00:00,17.25,0.0,4.425,77.5,0.825,2.68,196.765,83.011,541640.0,83.0,1
2023-04-15 15:00:00,17.425,0.0,5.175,75.75,0.95,2.675,180.745,110.393,544667.0,0.0,0
2023-04-15 16:00:00,17.5,0.0,5.65,74.0,0.875,2.07,115.517,136.571,547173.0,20.0,1
2023-04-15 17:00:00,16.4,0.0,5.2,74.75,0.625,1.01,38.071,143.721,594147.0,1.0,1
2023-04-15 18:00:00,15.125,0.0,4.425,76.75,0.125,0.26,15.451,120.07,656681.0,0.0,0
2023-04-15 19:00:00,14.65,0.0,3.25,79.0,0.0,0.16,7.505,89.537,692094.0,0.0,0
2023-04-15 20:00:00,14.075,0.0,3.05,82.75,0.0,0.0,6.952,57.543,755807.0,0.0,0
2023-04-15 21:00:00,13.95,0.0,2.7,85.75,0.0,0.0,4.35,54.604,778134.0,0.0,0
2023-04-15 22:00:00,13.825,0.0,3.2,85.0,0.0,0.0,2.188,59.95,773720.0,0.0,0
2023-04-15 23:00:00,13.1,0.0,4.575,85.5,0.0,0.0,0.685,45.459,762578.0,0.0,0
2023-04-16 00:00:00,12.575,0.0,2.775,83.0,0.0,0.0,0.151,17.676,752723.0,0.0,0
2023-04-16 01:00:00,11.925,0.0,2.0,76.75,0.0,0.0,0.002,4.204,718716.0,0.0,0
2023-04-16 02:00:00,11.725,0.0,2.875,75.5,0.0,0.0,0.0,39.025,689598.0,0.0,0
2023-04-16 03:00:00,12.45,0.0,3.725,81.5,0.0,0.0,0.0,18.359,656830.0,0.0,0
2023-04-16 04:00:00,12.125,0.0,3.125,83.0,0.0,0.0,0.0,31.067,641586.0,0.0,0
2023-04-16 05:00:00,12.325,0.0,3.15,82.5,0.0,0.0,0.058,27.837,639425.0,0.0,0
2023-04-16 06:00:00,12.125,0.0,2.75,80.0,0.0,0.0,8.918,15.5,664114.0,0.0,0
2023-04-16 07:00:00,12.625,0.0,2.1,74.75,0.0,0.095,50.288,30.604,661238.0,0.0,0
2023-04-16 08:00:00,15.35,0.0,5.3,69.75,0.475,0.57,126.022,75.304,590426.0,0.0,0
2023-04-16 09:00:00,16.45,0.0,10.375,65.25,0.85,1.115,147.016,156.723,533545.0,0.0,0
2023-04-16 10:00:00,16.575,0.0,10.0,64.25,0.525,1.56,206.441,87.068,549102.0,66.0,1
2023-04-16 11:00:00,16.825,0.0,10.2,63.5,0.675,2.0,263.981,9.143,522997.0,148.0,1
2023-04-16 12:00:00,17.125,0.0,8.925,62.0,0.9,3.005,262.111,4.446,495526.0,0.0,0
2023-04-16 13:00:00,17.45,0.0,8.425,60.0,0.975,3.32,253.775,4.045,488219.0,0.0,0
2023-04-16 14:00:00,17.4,0.0,8.65,58.75,0.975,3.195,239.099,7.218,483769.0,0.0,0
2023-04-16 15:00:00,17.175,0.0,7.95,58.75,0.95,2.93,230.992,16.33,489750.0,0.0,0
2023-04-16 16:00:00,16.325,0.0,8.1,61.0,0.95,2.425,155.786,116.289,498404.0,202.0,1
2023-04-16 17:00:00,15.05,0.0,7.65,64.5,0.75,1.41,73.127,178.605,552334.0,0.0,0
2023-04-16 18:00:00,13.95,0.0,6.35,66.0,0.75,0.865,18.667,163.516,620816.0,0.0,0
2023-04-16 19:00:00,12.975,0.0,4.875,66.25,0.325,0.215,8.131,122.635,691188.0,0.0,0
2023-04-16 20:00:00,12.375,0.0,3.825,68.25,0.0,0.0,8.173,68.519,782999.0,0.0,0
2023-04-16 21:00:00,11.95,0.0,4.025,68.75,0.0,0.0,5.478,58.46,801027.0,0.0,0
2023-04-16 22:00:00,11.6,0.0,3.825,68.25,0.0,0.0,2.346,38.537,794817.0,0.0,0
2023-04-16 23:00:00,11.525,0.0,3.1,66.0,0.0,0.0,0.687,42.928,781012.0,0.0,0
2023-04-17 00:00:00,11.025,0.0,2.55,67.25,0.0,0.0,0.165,27.06,766531.0,0.0,0
2023-04-17 01:00:00,10.85,0.0,2.25,65.5,0.0,0.0,0.002,12.334,730393.0,0.0,0
2023-04-17 02:00:00,10.325,0.0,2.75,67.0,0.0,0.0,0.001,4.539,699951.0,0.0,0
2023-04-17 03:00:00,10.075,0.0,2.675,67.5,0.0,0.0,0.0,0.675,684815.0,0.0,0
2023-04-17 04:00:00,10.275,0.0,2.225,64.5,0.0,0.0,0.0,0.333,679977.0,0.0,0
2023-04-17 05:00:00,10.2,0.0,2.35,63.25,0.0,0.0,0.06,9.838,683715.0,0.0,0
2023-04-17 06:00:00,9.875,0.0,2.45,64.0,0.0,0.0,9.043,0.564,703616.0,0.0,0
2023-04-17 07:00:00,10.25,0.0,2.3,59.25,0.4,0.14,64.916,1.244,708149.0,0.0,0
2023-04-17 08:00:00,13.55,0.0,1.125,55.75,1.0,0.74,152.19,4.847,630185.0,0.0,0
2023-04-17 09:00:00,16.225,0.0,3.2,49.75,1.0,1.555,229.699,12.961,589058.0,0.0,0
2023-04-17 10:00:00,16.9,0.0,3.65,52.75,1.0,2.25,277.004,24.653,566019.0,0.0,0
2023-04-17 11:00:00,17.4,0.0,4.575,50.25,1.0,2.875,308.473,4.509,545884.0,9.0,1
2023-04-17 12:00:00,18.4,0.0,4.025,48.25,1.0,3.23,305.72,9.841,533838.0,0.0,0
2023-04-17 13:00:00,19.05,0.0,3.625,49.5,1.0,3.29,299.746,10.676,525548.0,31.0,1
2023-04-17 14:00:00,19.1,0.0,4.025,50.0,1.0,3.22,285.194,10.414,539036.0,0.0,0
2023-04-17 15:00:00,19.6,0.0,4.225,47.0,1.0,2.92,235.329,61.295,534907.0,29.0,1
2023-04-17 16:00:00,19.625,0.0,4.225,51.5,1.0,2.34,157.131,125.838,552088.0,18.0,1
2023-04-17 17:00:00,18.85,0.0,4.75,57.0,1.0,1.59,73.558,148.379,598068.0,1.0,1
2023-04-17 18:00:00,17.875,0.0,4.2,61.75,0.95,0.8,18.57,132.274,650763.0,0.0,0
2023-04-17 19:00:00,16.925,0.0,3.525,65.5,0.1,0.18,8.365,158.515,697350.0,0.0,0
2023-04-17 20:00:00,16.525,0.0,3.9,67.25,0.0,0.0,8.304,171.829,762649.0,0.0,0
2023-04-17 21:00:00,16.65,0.0,3.85,67.5,0.0,0.0,5.636,172.396,775066.0,0.0,0
2023-04-17 22:00:00,16.85,0.0,3.975,68.75,0.0,0.0,2.362,178.399,747643.0,0.0,0
2023-04-17 23:00:00,16.95,0.0,4.15,68.5,0.0,0.0,0.683,165.827,708298.0,0.0,0
2023-04-18 00:00:00,17.1,0.0,4.675,69.75,0.0,0.0,0.154,144.751,681216.0,0.0,0
2023-04-20 01:00:00,16.3,0.0,1.75,87.75,0.0,0.0,0.001,5.399,671687.0,0.0,0
2023-04-20 02:00:00,16.225,0.0,2.125,88.0,0.0,0.0,0.0,6.883,639552.0,0.0,0
2023-04-20 03:00:00,15.925,0.0,1.7,87.5,0.0,0.0,0.0,5.74,619301.0,0.0,0
2023-04-20 04:00:00,15.625,0.0,1.525,89.0,0.0,0.0,0.0,7.105,605781.0,0.0,0
2023-04-20 05:00:00,15.4,0.0,1.55,90.25,0.0,0.0,0.066,9.35,599895.0,0.0,0
2023-04-20 06:00:00,14.95,0.0,1.275,91.5,0.0,0.0,10.548,5.788,625849.0,0.0,0
2023-04-20 07:00:00,15.775,0.0,1.525,90.75,0.3,0.15,65.537,1.215,631887.0,0.0,0
2023-04-20 08:00:00,18.375,0.0,1.475,82.5,0.975,0.755,151.755,9.312,594311.0,0.0,0
2023-04-20 09:00:00,20.325,0.0,2.325,72.0,1.0,1.54,229.676,20.093,581464.0,0.0,0
2023-04-20 10:00:00,21.025,0.0,2.5,69.0,1.0,2.275,272.935,16.614,566684.0,2.0,1
2023-04-20 11:00:00,21.375,0.0,2.45,66.5,1.0,2.84,305.967,5.588,554433.0,0.0,0
2023-04-20 12:00:00,21.275,0.0,2.9,68.0,1.0,3.19,305.126,3.06,532439.0,1.0,1
2023-04-20 13:00:00,21.175,0.0,2.6,68.5,1.0,3.35,292.439,2.014,525315.0,2.0,1
2023-04-20 14:00:00,20.95,0.0,3.025,70.0,1.0,3.22,262.048,1.756,544310.0,0.0,0
2023-04-20 15:00:00,20.775,0.0,2.625,72.5,1.0,2.695,202.468,2.702,562975.0,0.0,0
2023-04-20 16:00:00,20.6,0.0,2.7,71.75,1.0,2.01,141.206,3.039,593313.0,0.0,0
2023-04-20 17:00:00,19.95,0.0,2.2,75.25,1.0,1.44,79.933,4.015,628465.0,0.0,0
2023-04-20 18:00:00,19.625,0.0,2.3,76.0,0.925,0.86,25.69,2.548,665059.0,0.0,0
2023-04-20 19:00:00,18.75,0.0,1.9,79.25,0.125,0.235,8.612,4.177,699266.0,0.0,0
2023-04-20 20:00:00,17.525,0.0,2.4,85.5,0.0,0.0,8.388,14.129,742593.0,0.0,0
2023-04-20 21:00:00,17.45,0.0,1.925,85.25,0.0,0.0,5.694,30.804,753689.0,0.0,0
2023-04-20 22:00:00,17.0,0.0,2.5,86.0,0.0,0.0,2.367,60.646,737575.0,0.0,0
2023-04-20 23:00:00,17.325,0.0,3.975,82.0,0.0,0.0,0.667,107.342,716652.0,0.0,0
2023-04-21 00:00:00,17.025,0.0,3.625,82.75,0.0,0.0,0.141,107.632,692517.0,0.0,0
2023-04-21 01:00:00,16.875,0.0,3.825,83.25,0.0,0.0,0.002,112.148,646923.0,0.0,0
2023-04-21 02:00:00,16.625,0.0,3.675,83.75,0.0,0.0,0.0,110.772,605296.0,0.0,0
2023-04-21 03:00:00,16.625,0.0,4.325,83.5,0.0,0.0,0.0,116.269,585106.0,0.0,0
2023-04-21 04:00:00,16.575,0.0,3.125,83.25,0.0,0.0,0.0,121.82,579347.0,0.0,0
2023-04-21 05:00:00,16.6,0.0,3.65,82.75,0.0,0.0,0.038,154.022,573495.0,0.0,0
2023-04-21 06:00:00,15.95,0.0,3.875,86.0,0.0,0.0,5.151,160.068,591081.0,0.0,0
2023-04-21 07:00:00,15.775,0.0,3.9,86.25,0.025,0.025,42.459,156.353,606803.0,0.0,0
2023-04-21 08:00:00,16.575,0.0,4.3,85.5,0.425,0.185,114.204,114.507,607356.0,0.0,0
2023-04-21 09:00:00,17.275,0.0,4.575,82.75,0.5,0.535,176.074,106.401,613167.0,0.0,0
2023-04-21 10:00:00,18.1,0.0,4.75,79.25,0.5,0.705,242.328,89.384,604527.0,0.0,0
2023-04-21 11:00:00,19.175,0.0,5.325,73.5,0.55,1.355,303.591,19.507,574743.0,15.0,1
2023-04-21 12:00:00,19.325,0.0,6.75,69.75,0.75,2.525,303.103,20.257,535209.0,0.0,0
2023-04-21 13:00:00,20.4,0.0,6.225,56.5,0.95,3.195,299.562,18.777,526750.0,103.0,1
2023-04-21 14:00:00,19.775,0.0,6.525,62.0,1.0,3.245,281.38,25.093,542273.0,0.0,0
2023-04-21 15:00:00,19.425,0.0,6.625,63.5,1.0,2.915,240.555,63.466,548498.0,95.0,1
2023-04-21 16:00:00,18.725,0.0,6.175,65.75,1.0,2.37,164.445,87.973,557865.0,29.0,1
2023-04-21 17:00:00,18.05,0.0,5.425,69.5,1.0,1.65,77.716,74.168,604839.0,0.0,0
2023-04-21 18:00:00,17.275,0.0,4.925,72.5,0.8,0.92,19.767,54.817,656432.0,0.0,0
2023-04-21 19:00:00,16.45,0.0,3.95,75.0,0.15,0.27,8.459,63.475,693328.0,0.0,0
2023-04-21 20:00:00,15.875,0.0,4.0,76.75,0.0,0.0,8.597,56.069,752650.0,0.0,0
2023-04-21 21:00:00,15.55,0.0,3.25,75.75,0.0,0.0,5.92,46.717,768734.0,0.0,0
2023-04-21 22:00:00,15.4,0.0,3.675,77.75,0.0,0.0,2.399,43.644,758562.0,0.0,0
2023-04-21 23:00:00,15.4,0.0,2.975,76.0,0.0,0.0,0.685,50.722,738962.0,0.0,0
2023-04-22 00:00:00,15.1,0.0,3.775,75.0,0.0,0.0,0.163,63.433,716697.0,0.0,0
2023-04-22 01:00:00,14.65,0.0,2.75,72.75,0.0,0.0,0.001,52.379,674708.0,0.0,0
2023-04-22 02:00:00,14.15,0.0,2.825,74.0,0.0,0.0,0.0,54.784,644183.0,0.0,0
2023-04-22 03:00:00,14.625,0.0,3.775,72.75,0.0,0.0,0.0,58.744,614287.0,0.0,0
2023-04-22 04:00:00,14.725,0.0,3.375,68.5,0.0,0.0,0.0,75.512,594639.0,0.0,0
2023-04-22 05:00:00,14.45,0.0,3.95,71.0,0.0,0.0,0.056,120.717,591414.0,0.0,0
2023-04-22 06:00:00,14.55,0.0,3.875,65.75,0.0,0.0,9.127,116.829,603934.0,0.0,0
2023-04-22 07:00:00,14.625,0.0,4.15,67.5,0.0,0.1,56.676,122.879,606418.0,0.0,0
2023-04-22 08:00:00,15.5,0.0,5.025,60.75,0.675,0.68,146.068,135.964,566798.0,0.0,0
2023-04-22 09:00:00,16.75,0.0,5.4,58.0,0.9,1.51,229.458,57.109,527092.0,14.0,1
2023-04-22 10:00:00,17.45,0.0,5.475,53.75,1.0,2.255,271.007,20.746,506713.0,122.0,1
2023-04-22 11:00:00,17.675,0.0,6.025,51.25,1.0,2.82,269.205,17.99,493580.0,0.0,0
2023-04-22 12:00:00,17.975,0.0,7.2,50.5,1.0,3.19,261.807,11.547,485978.0,153.0,1
2023-04-22 13:00:00,18.575,0.0,5.025,48.25,1.0,3.345,253.489,13.997,481411.0,155.0,1
2023-04-22 14:00:00,18.225,0.0,6.425,52.0,1.0,3.235,236.285,28.97,486403.0,155.0,1
2023-04-22 15:00:00,18.175,0.0,6.6,52.5,0.975,2.64,193.926,110.364,504534.0,0.0,0
2023-04-22 16:00:00,17.65,0.0,6.175,51.0,0.85,1.74,115.892,171.785,519257.0,0.0,0
2023-04-22 17:00:00,16.825,0.0,5.2,51.0,0.425,1.01,61.834,161.698,577492.0,0.0,0
2023-04-22 18:00:00,16.4,0.0,4.35,46.0,0.275,0.665,23.653,145.225,623858.0,0.0,0
2023-04-22 19:00:00,15.575,0.0,4.4,43.25,0.325,0.25,8.525,140.279,676654.0,0.0,0
2023-04-22 20:00:00,15.25,0.0,4.9,42.75,0.0,0.005,8.507,142.635,754591.0,0.0,0
2023-04-22 21:00:00,15.025,0.0,6.225,46.0,0.0,0.0,5.808,145.2,765645.0,0.0,0
2023-04-22 22:00:00,14.525,0.0,4.875,54.0,0.0,0.0,2.384,166.779,752360.0,0.0,0
2023-04-22 23:00:00,14.25,0.0,5.125,60.0,0.0,0.0,0.688,168.995,736597.0,0.0,0
2023-04-23 00:00:00,14.175,0.0,4.925,55.25,0.0,0.0,0.151,146.26,720119.0,0.0,0
2023-04-23 01:00:00,13.975,0.0,5.6,57.75,0.0,0.0,0.002,140.473,679968.0,0.0,0
2023-04-23 02:00:00,13.65,0.0,5.775,63.75,0.0,0.0,0.001,148.412,651736.0,0.0,0
2023-04-23 03:00:00,13.325,0.0,4.65,64.5,0.0,0.0,0.001,143.893,634043.0,0.0,0
2023-04-23 04:00:00,13.35,0.0,4.9,65.25,0.0,0.0,0.0,147.419,621945.0,0.0,0
2023-04-23 05:00:00,13.45,0.0,4.925,65.5,0.0,0.0,0.103,164.101,622640.0,0.0,0
2023-04-23 06:00:00,13.35,0.0,5.275,65.0,0.0,0.0,13.706,156.197,629268.0,0.0,0
2023-04-23 07:00:00,14.05,0.0,5.125,63.5,0.075,0.115,45.907,165.376,612634.0,0.0,0
2023-04-23 08:00:00,14.625,0.0,6.275,59.25,0.3,0.295,71.683,164.039,560634.0,0.0,0
2023-04-23 09:00:00,15.3,0.0,6.05,56.25,0.1,0.865,132.486,122.506,559117.0,31.0,1
2023-04-23 10:00:00,15.825,0.0,5.35,55.0,0.125,1.34,112.704,119.674,537935.0,92.0,1
2023-04-23 11:00:00,15.475,0.0,5.175,58.0,0.025,0.94,163.514,91.793,563255.0,0.0,0
2023-04-23 12:00:00,17.05,0.0,5.075,53.25,0.1,1.885,233.743,20.834,534982.0,0.0,0
2023-04-23 13:00:00,17.8,0.0,4.85,50.75,0.35,2.545,211.447,16.988,493487.0,0.0,0
2023-04-23 14:00:00,17.6,0.0,6.025,53.25,0.65,2.735,177.921,42.56,489113.0,0.0,0
2023-04-23 15:00:00,17.55,0.0,5.425,52.25,0.35,1.91,125.68,114.227,510624.0,144.0,1
2023-04-23 16:00:00,17.1,0.0,5.0,54.75,0.0,1.23,88.29,124.807,542714.0,0.0,0
2023-04-23 17:00:00,16.4,0.0,4.9,58.5,0.025,0.845,41.053,119.287,570597.0,0.0,0
2023-04-23 18:00:00,15.75,0.0,4.55,61.0,0.0,0.375,11.833,125.075,628022.0,0.0,0
2023-04-23 19:00:00,15.225,0.0,4.5,61.75,0.0,0.07,8.323,142.083,678443.0,0.0,0
2023-04-23 20:00:00,15.2,0.0,4.7,57.75,0.0,0.0,7.603,131.341,720858.0,0.0,0
2023-04-23 21:00:00,15.225,0.0,5.225,53.5,0.0,0.0,4.757,124.427,732195.0,0.0,0
2023-04-23 22:00:00,15.15,0.0,4.425,54.0,0.0,0.0,1.45,106.258,716631.0,0.0,0
2023-04-23 23:00:00,15.2,0.0,4.9,51.0,0.0,0.0,0.39,89.792,697913.0,0.0,0
2023-04-24 00:00:00,15.1,0.0,3.6,53.25,0.0,0.0,0.167,78.78,679156.0,0.0,0
2023-04-26 01:00:00,11.375,0.0,3.95,87.75,0.0,0.0,0.0,85.27,715019.0,0.0,0
2023-04-26 02:00:00,11.0,0.0,3.525,85.5,0.0,0.0,0.0,78.239,695884.0,0.0,0
2023-04-26 03:00:00,10.8,0.0,3.325,83.5,0.0,0.0,0.0,78.457,682316.0,0.0,0
2023-04-26 04:00:00,10.35,0.0,2.725,85.0,0.0,0.0,0.0,61.001,674032.0,0.0,0
2023-04-26 05:00:00,9.875,0.0,2.575,85.25,0.0,0.0,0.118,71.912,679250.0,0.0,0
2023-04-26 06:00:00,9.925,0.0,3.55,84.0,0.0,0.0,13.672,87.199,697469.0,0.0,0
2023-04-26 07:00:00,10.85,0.0,3.9,81.75,0.6,0.21,74.861,70.074,693488.0,0.0,0
2023-04-26 08:00:00,13.225,0.0,3.75,67.75,1.0,0.865,159.092,78.458,613353.0,0.0,0
2023-04-26 09:00:00,14.7,0.0,4.4,60.5,1.0,1.575,220.752,83.14,581171.0,0.0,0
2023-04-26 10:00:00,16.375,0.0,4.975,56.75,0.925,2.18,275.872,24.393,577280.0,0.0,0
2023-04-26 11:00:00,17.175,0.0,6.3,57.0,1.0,2.9,277.374,21.165,548030.0,0.0,0
2023-04-26 12:00:00,17.625,0.0,6.6,57.75,0.975,3.205,260.265,21.221,539787.0,99.0,1
2023-04-26 13:00:00,17.7,0.0,6.325,59.75,0.9,3.005,262.359,24.892,537744.0,99.0,1
2023-04-26 14:00:00,17.4,0.0,6.075,57.75,0.95,3.17,278.914,18.201,542714.0,0.0,0
2023-04-26 15:00:00,16.9,0.0,5.475,47.0,1.0,3.05,246.251,22.81,537824.0,109.0,1
2023-04-26 16:00:00,16.2,0.0,5.6,44.5,1.0,2.605,187.907,70.476,552084.0,104.0,1
2023-04-26 17:00:00,15.5,0.0,5.725,49.25,1.0,1.93,94.781,139.078,575780.0,53.0,1
2023-04-26 18:00:00,14.375,0.0,4.75,52.5,0.975,1.13,21.302,178.513,642724.0,20.0,1
2023-04-26 19:00:00,12.775,0.0,4.275,53.25,0.725,0.335,8.672,185.208,721257.0,0.0,0
2023-04-26 20:00:00,11.825,0.0,3.975,57.25,0.0,0.005,8.617,162.275,818925.0,0.0,0
2023-04-26 21:00:00,11.3,0.0,4.275,57.5,0.0,0.0,5.883,112.878,846103.0,0.0,0
2023-04-26 22:00:00,10.95,0.0,4.025,59.75,0.0,0.0,2.37,114.387,832141.0,0.0,0
2023-04-26 23:00:00,10.65,0.0,3.475,62.25,0.0,0.0,0.69,113.987,817325.0,0.0,0
2023-04-27 00:00:00,10.125,0.0,3.175,63.0,0.0,0.0,0.15,93.121,807253.0,0.0,0
2023-04-27 01:00:00,9.8,0.0,2.5,64.75,0.0,0.0,0.002,60.068,765585.0,0.0,0
2023-04-27 02:00:00,9.65,0.0,2.825,63.0,0.0,0.0,0.0,39.983,739298.0,0.0,0
2023-04-27 03:00:00,9.25,0.0,2.4,61.5,0.0,0.0,0.001,24.474,721496.0,0.0,0
2023-04-27 04:00:00,8.85,0.0,2.4,65.75,0.0,0.0,0.0,16.644,710170.0,0.0,0
2023-04-27 05:00:00,8.225,0.0,2.175,70.25,0.0,0.0,0.146,24.06,707796.0,0.0,0
2023-04-27 06:00:00,8.175,0.0,2.2,72.0,0.0,0.0,14.133,13.554,726507.0,0.0,0
2023-04-27 07:00:00,9.375,0.0,2.2,69.75,0.775,0.26,83.001,8.893,716142.0,0.0,0
2023-04-27 08:00:00,12.325,0.0,1.775,68.75,1.0,0.975,150.443,2.947,617945.0,0.0,0
2023-04-27 09:00:00,13.575,0.0,2.575,65.25,0.925,1.64,226.129,1.238,598832.0,0.0,0
2023-04-27 10:00:00,14.575,0.0,2.7,67.25,0.975,2.43,260.963,1.425,570769.0,0.0,0
2023-04-27 11:00:00,15.175,0.0,2.675,65.5,1.0,2.95,276.644,1.253,559048.0,5.0,1
2023-04-27 12:00:00,15.7,0.0,3.2,66.25,1.0,3.435,264.845,1.138,538947.0,0.0,0
2023-04-27 13:00:00,16.075,0.0,3.575,65.75,1.0,3.645,256.56,2.513,524710.0,5.0,1
2023-04-27 14:00:00,16.45,0.0,3.225,63.0,1.0,3.47,257.42,2.122,543510.0,5.0,1
2023-04-27 15:00:00,16.45,0.0,3.425,62.75,1.0,3.075,236.236,7.749,540385.0,2.0,1
2023-04-27 16:00:00,16.5,0.0,3.275,62.75,1.0,2.41,159.321,7.619,550207.0,0.0,0
2023-04-27 17:00:00,16.275,0.0,3.65,62.75,0.975,1.715,89.688,8.346,595907.0,0.0,0
2023-04-27 18:00:00,15.925,0.0,3.3,64.75,0.95,1.015,23.382,21.391,641913.0,0.0,0
2023-04-27 19:00:00,14.95,0.0,2.625,68.5,0.625,0.3,8.458,27.375,691571.0,0.0,0
2023-04-27 20:00:00,14.225,0.0,2.375,71.75,0.0,0.005,8.505,37.259,779369.0,0.0,0
2023-04-27 21:00:00,13.65,0.0,3.425,73.0,0.0,0.0,5.911,46.067,811971.0,0.0,0
2023-04-27 22:00:00,13.225,0.0,2.6,75.5,0.0,0.0,2.453,39.596,800214.0,0.0,0
2023-04-27 23:00:00,12.625,0.0,2.525,77.0,0.0,0.0,0.712,46.014,786795.0,0.0,0
2023-04-28 00:00:00,12.25,0.0,2.525,78.0,0.0,0.0,0.15,38.149,766480.0,0.0,0
2023-04-28 01:00:00,11.975,0.0,2.875,77.5,0.0,0.0,0.002,32.982,727602.0,0.0,0
2023-04-28 02:00:00,11.7,0.0,2.875,76.0,0.0,0.0,0.0,23.504,697276.0,0.0,0
2023-04-28 03:00:00,11.75,0.0,2.625,73.5,0.0,0.0,0.0,45.123,667169.0,0.0,0
2023-04-28 04:00:00,11.75,0.0,3.175,77.5,0.0,0.0,0.0,54.108,659802.0,0.0,0
2023-04-28 05:00:00,11.7,0.0,2.8,78.25,0.0,0.0,0.14,65.058,660157.0,0.0,0
2023-04-28 06:00:00,12.325,0.0,2.65,76.0,0.0,0.0,17.27,52.379,665609.0,0.0,0
2023-04-28 07:00:00,13.75,0.0,2.7,69.75,0.6,0.235,75.087,44.894,649340.0,0.0,0
2023-04-28 08:00:00,16.8,0.0,2.55,68.25,0.725,0.92,101.293,56.572,595396.0,0.0,0
2023-04-28 09:00:00,18.05,0.0,2.675,66.75,0.35,0.855,109.369,58.613,620595.0,0.0,0
2023-04-28 10:00:00,18.675,0.0,2.9,67.75,0.05,0.945,164.219,71.643,638511.0,0.0,0
2023-04-28 11:00:00,20.075,0.0,3.375,65.25,0.15,1.57,187.848,76.238,606463.0,0.0,0
2023-04-28 12:00:00,20.575,0.0,3.525,67.5,0.475,2.375,177.628,73.542,580316.0,9.0,1
2023-04-28 13:00:00,20.625,0.0,3.25,65.0,0.15,1.925,172.723,62.153,580335.0,0.0,0
2023-04-28 14:00:00,20.575,0.0,2.975,66.0,0.125,1.82,154.173,70.767,602977.0,0.0,0
2023-04-28 15:00:00,20.875,0.0,3.325,66.25,0.1,1.735,119.586,68.638,611222.0,0.0,0
2023-04-28 16:00:00,20.6,0.0,3.725,70.25,0.075,1.295,50.746,66.486,624962.0,0.0,0
2023-04-28 17:00:00,19.775,0.0,2.65,76.5,0.0,0.595,16.579,71.444,663967.0,0.0,0
2023-04-28 18:00:00,19.475,0.0,2.85,79.5,0.0,0.2,6.504,72.664,699292.0,0.0,0
2023-04-28 19:00:00,19.3,0.0,2.725,81.5,0.0,0.05,7.896,81.257,713584.0,0.0,0
2023-04-28 20:00:00,19.05,0.1,2.85,85.0,0.0,0.0,6.591,122.823,739292.0,0.0,0
2023-04-28 21:00:00,18.175,0.7,2.375,90.25,0.0,0.0,3.955,107.161,728984.0,0.0,0
2023-04-28 22:00:00,17.925,1.033,2.3,93.5,0.0,0.0,1.309,70.396,710419.0,0.0,0
2023-04-28 23:00:00,17.925,0.8,3.4,95.5,0.0,0.0,0.374,81.339,691877.0,0.0,0
2023-04-29 00:00:00,18.075,0.8,3.7,95.75,0.0,0.0,0.153,89.838,666646.0,0.0,0
2023-04-30 01:00:00,11.975,0.0,5.2,70.75,0.0,0.0,0.0,161.459,694265.0,0.0,0
2023-04-30 02:00:00,11.5,0.0,5.475,72.5,0.0,0.0,0.0,193.849,665637.0,0.0,0
2023-04-30 03:00:00,11.3,0.0,4.475,71.5,0.0,0.0,0.0,182.83,647684.0,0.0,0
2023-04-30 04:00:00,11.075,0.0,3.825,73.0,0.0,0.0,0.0,124.883,651261.0,0.0,0
2023-04-30 05:00:00,10.775,0.0,3.325,72.75,0.0,0.0,0.096,124.453,650207.0,0.0,0
2023-04-30 06:00:00,10.65,0.0,2.925,71.75,0.0,0.0,12.34,106.15,661481.0,0.0,0
2023-04-30 07:00:00,11.325,0.0,2.85,67.75,0.55,0.235,81.551,88.385,652072.0,0.0,0
2023-04-30 08:00:00,13.7,0.0,2.825,57.25,1.0,1.03,176.667,41.171,555554.0,0.0,0
2023-04-30 09:00:00,15.2,0.0,2.425,52.0,1.0,1.845,249.264,13.559,504855.0,0.0,0
2023-04-30 10:00:00,16.675,0.0,3.2,45.25,1.0,2.57,260.202,5.32,482884.0,16.0,1
2023-04-30 11:00:00,17.975,0.0,3.75,47.0,1.0,3.13,251.917,3.257,481387.0,0.0,0
2023-04-30 12:00:00,18.625,0.0,3.725,47.5,1.0,3.485,245.109,3.422,471387.0,0.0,0
2023-04-30 13:00:00,18.75,0.0,4.075,49.5,1.0,3.63,241.388,4.332,467668.0,27.0,1
2023-04-30 14:00:00,19.6,0.0,4.3,53.5,1.0,3.5,228.022,9.374,471251.0,27.0,1
2023-04-30 15:00:00,19.075,0.0,4.575,54.0,1.0,3.145,213.951,18.368,478142.0,25.0,1
2023-04-30 16:00:00,19.0,0.0,4.95,53.0,1.0,2.53,165.517,39.329,492261.0,19.0,1
2023-04-30 17:00:00,18.8,0.0,4.575,47.25,1.0,1.75,81.104,49.319,531274.0,4.0,1
2023-04-30 18:00:00,17.7,0.0,4.475,51.25,1.0,1.12,24.571,41.304,595185.0,0.0,0
2023-04-30 19:00:00,16.475,0.0,3.725,55.0,0.75,0.335,8.865,40.93,648748.0,0.0,0
2023-04-30 20:00:00,15.075,0.0,3.5,62.5,0.0,0.005,8.539,42.137,721982.0,0.0,0
2023-04-30 21:00:00,14.675,0.0,3.35,62.5,0.0,0.0,5.897,37.71,757696.0,0.0,0
2023-04-30 22:00:00,14.5,0.0,3.875,56.25,0.0,0.0,2.594,33.138,759776.0,0.0,0
2023-04-30 23:00:00,14.15,0.0,2.925,58.0,0.0,0.0,0.685,28.948,756563.0,0.0,0
2023-05-01 00:00:00,13.7,0.0,3.4,59.0,0.0,0.0,0.143,26.323,742080.0,0.0,0
2023-05-01 01:00:00,13.65,0.0,3.875,58.75,0.0,0.0,0.001,15.667,697313.0,0.0,0
2023-05-01 02:00:00,13.5,0.0,3.9,57.25,0.0,0.0,0.001,28.811,665456.0,0.0,0
2023-05-01 03:00:00,14.275,0.0,4.1,49.25,0.0,0.0,0.0,33.657,642950.0,0.0,0
2023-05-01 04:00:00,14.925,0.0,3.975,45.75,0.0,0.0,0.0,50.739,628166.0,0.0,0
2023-05-01 05:00:00,14.85,0.0,4.15,45.0,0.0,0.0,0.198,50.622,624575.0,0.0,0
2023-05-01 06:00:00,14.4,0.0,4.05,52.5,0.0,0.0,15.416,38.797,633735.0,0.0,0
2023-05-01 07:00:00,14.45,0.0,3.175,62.5,0.525,0.22,73.222,29.517,624914.0,0.0,0
2023-05-01 08:00:00,16.45,0.0,4.35,64.0,1.0,0.88,157.315,26.033,562419.0,0.0,0
2023-05-01 09:00:00,18.075,0.0,3.525,64.5,1.0,1.665,224.975,7.059,529946.0,0.0,0
2023-05-01 10:00:00,18.6,0.0,3.875,65.0,1.0,2.445,219.125,8.717,501249.0,0.0,0
2023-05-01 11:00:00,18.825,0.0,4.35,66.0,1.0,3.055,215.147,3.619,512520.0,0.0,0
2023-05-01 12:00:00,19.225,0.0,3.625,64.75,1.0,3.425,212.284,1.947,502296.0,28.0,1
2023-05-01 13:00:00,20.175,0.0,3.45,57.0,1.0,3.59,208.456,2.175,494582.0,28.0,1
2023-05-01 14:00:00,19.2,0.0,3.25,56.25,1.0,3.5,210.559,3.777,498980.0,0.0,0
2023-05-01 15:00:00,19.225,0.0,3.25,54.5,1.0,3.16,210.273,4.716,502841.0,28.0,1
2023-05-01 16:00:00,19.075,0.0,3.0,48.25,1.0,2.64,173.907,5.611,511321.0,24.0,1
2023-05-01 17:00:00,18.95,0.0,2.65,50.25,1.0,1.91,87.145,2.216,544158.0,0.0,0
2023-05-01 18:00:00,18.4,0.0,2.65,54.0,1.0,1.1,22.593,2.287,611433.0,0.0,0
2023-05-01 19:00:00,17.375,0.0,1.45,56.75,0.75,0.35,8.7,7.292,661769.0,0.0,0
2023-05-01 20:00:00,16.1,0.0,1.975,67.25,0.0,0.005,8.525,3.261,724407.0,0.0,0
2023-05-01 21:00:00,15.45,0.0,1.4,71.0,0.0,0.0,5.941,0.106,752836.0,0.0,0
2023-05-01 22:00:00,14.75,0.0,1.375,72.0,0.0,0.0,2.638,1.585,751441.0,0.0,0
2023-05-01 23:00:00,13.9,0.0,2.4,64.75,0.0,0.0,0.683,2.859,739857.0,0.0,0
2023-05-02 00:00:00,13.75,0.0,2.5,65.0,0.0,0.0,0.149,4.46,723991.0,0.0,0
2023-05-02 01:00:00,13.45,0.0,2.3,63.25,0.0,0.0,0.001,12.326,685161.0,0.0,0
2023-05-02 02:00:00,13.825,0.0,2.625,61.25,0.0,0.0,0.0,14.044,656569.0,0.0,0
2023-05-02 03:00:00,13.1,0.0,2.2,65.25,0.0,0.0,0.0,16.866,639711.0,0.0,0
2023-05-02 04:00:00,13.6,0.0,2.425,63.5,0.0,0.0,0.0,8.894,630963.0,0.0,0
2023-05-02 05:00:00,13.5,0.0,2.375,63.25,0.0,0.0,0.166,11.158,634480.0,0.0,0
2023-05-02 06:00:00,13.2,0.0,2.225,62.75,0.0,0.0,15.911,21.029,647995.0,0.0,0
2023-05-02 07:00:00,14.35,0.0,2.3,63.0,0.275,0.175,72.996,15.414,642755.0,0.0,0
2023-05-02 08:00:00,17.275,0.0,2.0,62.25,0.875,0.895,160.841,5.118,586009.0,0.0,0
2023-05-02 09:00:00,19.65,0.0,2.325,48.25,1.0,1.715,230.721,6.904,562404.0,0.0,0
2023-05-02 10:00:00,20.025,0.0,2.8,51.25,1.0,2.44,257.082,3.21,551513.0,0.0,0
2023-05-02 11:00:00,20.475,0.0,3.65,52.5,1.0,3.065,248.608,4.125,546314.0,16.0,1
2023-05-02 12:00:00,20.775,0.0,4.1,54.5,1.0,3.295,232.95,4.908,539909.0,0.0,0
2023-05-02 13:00:00,21.125,0.0,3.425,56.25,1.0,3.515,231.634,5.646,530825.0,19.0,1
2023-05-02 14:00:00,21.35,0.0,3.575,52.5,1.0,3.465,218.238,17.727,546138.0,19.0,1
2023-05-02 15:00:00,21.9,0.0,3.525,50.25,1.0,3.015,215.548,29.749,555724.0,0.0,0
2023-05-02 16:00:00,21.675,0.0,3.95,47.75,1.0,2.565,161.842,51.024,561637.0,4.0,1
2023-05-02 17:00:00,20.9,0.0,3.7,50.75,1.0,1.705,82.484,61.121,598276.0,0.0,0
2023-05-02 18:00:00,19.8,0.0,2.775,57.5,1.0,1.035,22.73,46.924,647631.0,0.0,0
2023-05-02 19:00:00,18.4,0.0,3.025,60.5,0.425,0.25,8.606,37.884,690865.0,0.0,0
2023-05-02 20:00:00,17.875,0.0,2.95,57.75,0.0,0.005,8.517,58.547,751675.0,0.0,0
2023-05-02 21:00:00,17.425,0.0,3.025,61.5,0.0,0.0,5.907,87.368,768640.0,0.0,0
2023-05-02 22:00:00,17.0,0.0,3.7,64.75,0.0,0.0,2.633,92.081,759375.0,0.0,0
2023-05-02 23:00:00,16.275,0.0,3.225,67.0,0.0,0.0,0.686,73.108,740995.0,0.0,0
2023-05-03 00:00:00,16.625,0.0,3.125,65.5,0.0,0.0,0.152,80.165,713811.0,0.0,0
2023-05-05 01:00:00,20.0,0.2,6.85,95.75,0.0,0.0,0.0,199.39,632246.0,0.0,0
2023-05-05 02:00:00,19.85,3.2,6.725,96.0,0.0,0.0,0.0,198.07,599620.0,0.0,0
2023-05-05 03:00:00,20.15,0.35,7.4,94.75,0.0,0.0,0.0,197.204,578317.0,17.0,1
2023-05-05 04:00:00,20.125,2.025,7.025,94.25,0.0,0.0,0.0,192.872,561807.0,27.0,1
2023-05-05 05:00:00,19.925,0.85,7.125,95.5,0.0,0.0,0.019,200.477,561134.0,27.0,1
2023-05-05 06:00:00,20.0,0.9,7.7,95.75,0.0,0.0,1.345,211.535,567298.0,24.0,1
2023-05-05 07:00:00,20.225,1.1,8.525,94.5,0.0,0.015,3.942,215.451,584066.0,0.0,0
2023-05-05 08:00:00,20.2,1.775,8.45,95.25,0.0,0.09,6.486,210.447,610640.0,0.0,0
2023-05-05 09:00:00,19.975,3.625,7.825,96.75,0.0,0.05,12.279,203.941,647455.0,0.0,0
2023-05-05 10:00:00,19.975,3.05,8.025,96.5,0.0,0.11,20.1,197.477,669778.0,0.0,0
2023-05-05 11:00:00,20.325,2.0,7.475,95.75,0.0,0.27,20.843,185.317,683055.0,0.0,0
2023-05-05 12:00:00,20.7,1.35,8.525,94.25,0.0,0.325,18.862,194.773,683435.0,0.0,0
2023-05-05 13:00:00,20.625,0.7,7.55,94.5,0.0,0.295,14.642,197.872,682005.0,0.0,0
2023-05-05 14:00:00,20.9,0.325,8.775,93.75,0.0,0.185,15.107,204.623,690488.0,0.0,0
2023-05-05 15:00:00,20.7,0.5,8.15,94.25,0.0,0.35,18.847,200.402,683380.0,0.0,0
2023-05-05 16:00:00,20.875,0.933,7.475,93.5,0.0,0.4,11.769,189.984,676394.0,0.0,0
2023-05-05 17:00:00,21.15,0.3,7.25,91.5,0.0,0.125,4.682,192.77,680419.0,0.0,0
2023-05-05 18:00:00,20.725,0.875,8.375,94.5,0.0,0.095,0.915,202.458,712537.0,0.0,0
2023-05-05 19:00:00,20.45,1.175,8.025,95.25,0.0,0.01,1.255,215.546,726271.0,0.0,0
2023-05-05 20:00:00,20.025,1.275,5.925,96.5,0.0,0.0,0.059,202.516,735668.0,0.0,0
2023-05-05 21:00:00,19.925,4.5,7.1,95.25,0.0,0.0,0.0,180.324,725520.0,0.0,0
2023-05-05 22:00:00,19.85,6.2,6.75,95.25,0.0,0.0,0.0,175.145,702263.0,0.0,0
2023-05-05 23:00:00,19.65,0.0,5.625,95.25,0.0,0.0,0.0,144.247,680972.0,0.0,0
2023-05-06 00:00:00,19.525,0.0,4.65,95.75,0.0,0.0,0.0,112.382,656779.0,0.0,0
2023-05-08 01:00:00,12.85,0.0,2.425,85.75,0.0,0.0,0.0,54.252,652883.0,0.0,0
2023-05-08 02:00:00,12.9,0.0,2.6,79.0,0.0,0.0,0.0,72.975,630497.0,0.0,0
2023-05-08 03:00:00,12.525,0.0,3.475,75.75,0.0,0.0,0.0,81.85,625923.0,0.0,0
2023-05-08 04:00:00,12.5,0.0,3.075,73.0,0.0,0.0,0.0,95.028,618046.0,0.0,0
2023-05-08 05:00:00,12.375,0.0,3.425,74.0,0.0,0.0,0.783,94.027,618738.0,0.0,0
2023-05-08 06:00:00,12.35,0.0,3.15,75.75,0.0,0.005,20.065,70.406,630275.0,0.0,0
2023-05-08 07:00:00,13.2,0.0,3.025,70.25,0.525,0.24,81.037,62.546,621322.0,0.0,0
2023-05-08 08:00:00,14.75,0.0,3.425,65.75,0.875,0.915,150.017,45.774,587263.0,0.0,0
2023-05-08 09:00:00,15.5,0.0,4.25,63.25,0.875,1.535,211.252,32.292,576671.0,0.0,0
2023-05-08 10:00:00,16.25,0.0,3.725,63.5,0.875,2.17,266.269,2.237,571322.0,2.0,1
2023-05-08 11:00:00,16.775,0.0,4.575,59.75,0.975,2.885,245.539,0.989,550577.0,27.0,1
2023-05-08 12:00:00,16.875,0.0,4.4,58.25,0.975,2.945,232.192,1.583,546275.0,29.0,1
2023-05-08 13:00:00,17.1,0.0,4.675,55.0,0.975,3.03,225.208,2.779,540378.0,29.0,1
2023-05-08 14:00:00,16.9,0.0,4.4,54.0,0.85,2.685,237.631,1.93,557321.0,28.0,1
2023-05-08 15:00:00,17.05,0.0,4.45,50.0,0.925,2.555,180.379,29.484,558131.0,26.0,1
2023-05-08 16:00:00,17.2,0.0,4.2,48.5,0.725,2.055,137.57,30.445,576417.0,0.0,0
2023-05-08 17:00:00,17.2,0.0,4.225,40.0,0.8,1.49,88.093,23.369,608029.0,0.0,0
2023-05-08 18:00:00,16.625,0.0,3.675,45.5,0.875,1.045,26.833,23.823,637634.0,0.0,0
2023-05-08 19:00:00,15.35,0.0,2.975,58.5,0.425,0.315,8.635,40.738,675994.0,0.0,0
2023-05-08 20:00:00,14.25,0.0,2.25,67.0,0.0,0.01,8.096,47.237,743139.0,0.0,0
2023-05-08 21:00:00,13.575,0.0,2.225,69.75,0.0,0.0,5.87,21.105,778421.0,0.0,0
2023-05-08 22:00:00,13.225,0.0,1.65,72.25,0.0,0.0,2.538,18.368,766327.0,0.0,0
2023-05-08 23:00:00,13.15,0.0,2.1,71.75,0.0,0.0,0.681,14.68,745566.0,0.0,0
2023-05-09 00:00:00,13.0,0.0,2.05,69.0,0.0,0.0,0.148,7.624,723915.0,0.0,0
2023-05-09 01:00:00,12.85,0.0,2.325,71.0,0.0,0.0,0.002,7.839,684355.0,0.0,0
2023-05-09 02:00:00,12.2,0.0,1.95,71.5,0.0,0.0,0.0,8.848,658553.0,0.0,0
2023-05-09 03:00:00,12.3,0.0,2.15,69.25,0.0,0.0,0.0,10.454,638262.0,0.0,0
2023-05-09 04:00:00,12.2,0.0,2.35,70.5,0.0,0.0,0.0,11.482,629436.0,0.0,0
2023-05-09 05:00:00,12.05,0.0,1.925,70.25,0.0,0.0,0.494,20.74,631489.0,0.0,0
2023-05-09 06:00:00,12.3,0.0,2.275,71.25,0.0,0.0,19.095,9.759,641370.0,0.0,0
2023-05-09 07:00:00,13.775,0.0,2.15,66.0,0.85,0.315,85.276,6.327,624727.0,0.0,0
2023-05-09 08:00:00,16.275,0.0,2.35,68.0,1.0,1.07,174.458,9.733,575002.0,0.0,0
2023-05-09 09:00:00,17.5,0.0,3.675,61.25,1.0,1.88,246.468,9.128,559574.0,0.0,0
2023-05-09 10:00:00,18.225,0.0,4.05,57.0,1.0,2.6,260.298,4.449,550284.0,0.0,0
2023-05-09 11:00:00,18.6,0.0,4.175,58.5,1.0,3.17,246.599,6.002,543657.0,0.0,0
2023-05-09 12:00:00,19.05,0.0,3.85,57.25,1.0,3.535,239.522,5.996,531550.0,0.0,0
2023-05-09 13:00:00,19.475,0.0,3.5,53.0,1.0,3.555,241.142,5.984,520754.0,0.0,0
2023-05-09 14:00:00,19.85,0.0,3.225,44.25,1.0,3.455,247.562,4.848,535408.0,0.0,0
2023-05-09 15:00:00,20.1,0.0,3.575,43.25,1.0,3.195,221.673,11.454,539632.0,0.0,0
2023-05-09 16:00:00,19.625,0.0,3.275,52.75,1.0,2.39,172.414,28.691,556735.0,7.0,1
2023-05-09 17:00:00,19.675,0.0,3.2,48.0,1.0,1.895,94.941,39.653,583641.0,0.0,0
2023-05-09 18:00:00,18.95,0.0,2.95,48.5,1.0,1.205,25.684,39.52,633824.0,0.0,0
2023-05-09 19:00:00,17.5,0.0,3.1,52.25,0.875,0.43,8.168,62.094,676835.0,0.0,0
2023-05-09 20:00:00,16.15,0.0,2.575,57.25,0.0,0.01,7.409,78.514,733756.0,0.0,0
2023-05-09 21:00:00,15.45,0.0,2.025,62.25,0.0,0.0,5.661,86.336,763447.0,0.0,0
2023-05-09 22:00:00,15.475,0.0,1.9,55.75,0.0,0.0,2.57,82.911,756685.0,0.0,0
2023-05-09 23:00:00,15.2,0.0,2.125,53.75,0.0,0.0,0.686,57.106,740446.0,0.0,0
2023-05-10 00:00:00,14.8,0.0,2.65,56.0,0.0,0.0,0.141,42.96,719412.0,0.0,0
2023-05-10 01:00:00,14.55,0.0,2.425,55.5,0.0,0.0,0.002,60.527,678835.0,0.0,0
2023-05-10 02:00:00,14.075,0.0,2.425,59.25,0.0,0.0,0.0,65.51,644276.0,0.0,0
2023-05-10 03:00:00,13.95,0.0,2.65,60.0,0.0,0.0,0.0,70.616,621839.0,0.0,0
2023-05-10 04:00:00,14.525,0.0,3.125,55.0,0.0,0.0,0.0,64.46,612648.0,0.0,0
2023-05-10 05:00:00,14.675,0.0,3.225,53.0,0.0,0.0,0.512,70.691,616178.0,0.0,0
2023-05-10 06:00:00,14.625,0.0,2.65,48.0,0.0,0.0,22.151,65.6,621673.0,0.0,0
2023-05-10 07:00:00,16.375,0.0,1.625,50.0,0.775,0.325,84.316,47.957,602246.0,0.0,0
2023-05-10 08:00:00,18.875,0.0,1.875,49.75,1.0,1.045,170.213,28.972,568370.0,0.0,0
2023-05-10 09:00:00,20.3,0.0,2.95,50.75,1.0,1.84,242.159,15.339,559965.0,0.0,0
2023-05-10 10:00:00,20.925,0.0,2.575,52.25,1.0,2.535,273.447,2.286,550194.0,0.0,0
2023-05-10 11:00:00,21.275,0.0,2.925,55.0,1.0,3.105,266.136,1.882,546586.0,0.0,0
2023-05-10 12:00:00,21.575,0.0,3.65,52.0,1.0,3.48,241.994,2.344,539061.0,0.0,0
2023-05-10 13:00:00,21.075,0.0,3.8,56.0,0.95,3.355,247.832,2.142,541046.0,23.0,1
2023-05-10 14:00:00,21.0,0.0,4.45,58.75,0.975,3.42,245.167,2.48,549068.0,0.0,0
2023-05-10 15:00:00,21.3,0.0,3.925,62.0,1.0,3.1,226.567,6.833,549535.0,21.0,1
2023-05-10 16:00:00,20.825,0.0,3.725,68.0,1.0,2.525,173.079,13.35,562242.0,0.0,0
2023-05-10 17:00:00,20.5,0.0,3.25,64.75,0.925,1.805,92.511,17.328,592751.0,0.0,0
2023-05-10 18:00:00,20.425,0.0,2.8,58.0,1.0,1.1,23.409,22.43,641084.0,0.0,0
2023-05-10 19:00:00,18.6,0.0,2.2,64.75,0.575,0.29,7.625,64.386,679440.0,0.0,0
2023-05-10 20:00:00,17.25,0.0,2.325,66.25,0.0,0.01,7.167,80.551,720377.0,0.0,0
2023-05-10 21:00:00,17.6,0.0,2.5,58.75,0.0,0.0,4.804,69.492,730399.0,0.0,0
2023-05-10 22:00:00,17.5,0.0,2.05,55.75,0.0,0.0,2.409,61.662,714849.0,0.0,0
2023-05-10 23:00:00,17.325,0.0,2.2,56.75,0.0,0.0,0.682,63.492,695666.0,0.0,0
2023-05-11 00:00:00,17.075,0.0,2.4,57.0,0.0,0.0,0.141,34.878,675524.0,0.0,0
2023-05-11 01:00:00,16.8,0.0,1.675,54.75,0.0,0.0,0.002,20.125,636970.0,0.0,0
2023-05-11 02:00:00,16.6,0.0,1.925,54.5,0.0,0.0,0.0,16.352,604483.0,0.0,0
2023-05-11 03:00:00,16.675,0.0,1.8,52.0,0.0,0.0,0.0,11.07,584162.0,0.0,0
2023-05-11 04:00:00,16.275,0.0,1.75,60.0,0.0,0.0,0.0,3.631,569992.0,0.0,0
2023-05-11 05:00:00,15.825,0.0,1.85,57.25,0.0,0.0,0.436,12.412,578625.0,0.0,0
2023-05-11 06:00:00,15.45,0.0,1.7,57.75,0.0,0.0,22.816,11.065,601996.0,0.0,0
2023-05-11 07:00:00,16.5,0.0,2.1,60.5,0.475,0.265,75.776,4.475,590587.0,0.0,0
2023-05-11 08:00:00,17.95,0.0,1.825,63.75,0.8,0.92,128.064,0.559,574410.0,0.0,0
2023-05-11 09:00:00,19.675,0.0,2.225,62.5,0.625,1.335,202.289,2.321,589782.0,0.0,0
2023-05-11 10:00:00,19.725,0.0,3.375,73.0,0.975,2.205,247.403,8.871,576841.0,0.0,0
2023-05-11 11:00:00,19.925,0.0,3.675,77.5,0.975,2.7,273.01,4.222,565261.0,0.0,0
2023-05-11 12:00:00,20.525,0.0,4.15,68.25,0.975,3.12,268.21,4.361,556062.0,0.0,0
2023-05-11 13:00:00,21.125,0.0,3.35,67.5,0.925,3.425,246.172,4.77,539468.0,13.0,1
2023-05-11 14:00:00,20.275,0.0,3.9,74.25,0.85,2.925,174.428,8.923,565031.0,0.0,0
2023-05-11 15:00:00,19.85,0.0,3.85,77.0,0.45,1.89,173.504,7.886,607148.0,0.0,0
2023-05-11 16:00:00,20.0,0.0,3.175,77.5,0.8,2.03,148.098,6.613,600827.0,0.0,0
2023-05-11 17:00:00,19.45,0.0,3.45,81.0,0.825,1.675,82.972,5.274,618214.0,0.0,0
2023-05-11 18:00:00,19.175,0.0,2.7,80.5,0.675,0.93,26.034,8.951,657041.0,0.0,0
2023-05-11 19:00:00,18.5,0.0,2.525,83.25,0.175,0.3,9.478,11.33,685698.0,0.0,0
2023-05-11 20:00:00,17.725,0.0,1.7,85.5,0.0,0.015,7.652,7.586,724793.0,0.0,0
2023-05-11 21:00:00,16.9,0.0,1.75,89.0,0.0,0.0,4.862,1.9,742857.0,0.0,0
2023-05-11 22:00:00,16.6,0.0,1.65,85.0,0.0,0.0,2.476,0.064,729128.0,0.0,0
2023-05-11 23:00:00,16.2,0.0,0.875,82.75,0.0,0.0,0.658,0.4,715652.0,0.0,0
2023-05-12 00:00:00,15.65,0.0,1.325,79.25,0.0,0.0,0.146,3.865,698994.0,0.0,0
2023-05-14 01:00:00,14.075,0.0,2.3,90.75,0.0,0.0,0.0,25.506,653318.0,0.0,0
2023-05-14 02:00:00,13.625,0.0,2.0,89.25,0.0,0.0,0.0,21.786,626137.0,0.0,0
2023-05-14 03:00:00,13.2,0.0,1.575,89.5,0.0,0.0,0.0,20.505,607397.0,0.0,0
2023-05-14 04:00:00,12.975,0.0,1.45,89.25,0.0,0.0,0.0,12.691,598112.0,0.0,0
2023-05-14 05:00:00,12.825,0.0,2.175,90.25,0.0,0.0,0.648,14.606,599710.0,0.0,0
2023-05-14 06:00:00,13.15,0.0,1.925,91.5,0.0,0.01,20.808,12.364,607831.0,0.0,0
2023-05-14 07:00:00,14.775,0.0,2.225,90.75,0.625,0.33,86.243,5.432,575336.0,0.0,0
2023-05-14 08:00:00,17.2,0.0,1.725,83.75,0.875,1.0,168.041,0.413,525574.0,0.0,0
2023-05-14 09:00:00,19.0,0.0,2.675,76.5,0.95,1.715,218.026,1.21,509446.0,0.0,0
2023-05-14 10:00:00,19.175,0.0,3.175,77.0,0.775,2.055,235.161,3.475,510606.0,0.0,0
2023-05-14 11:00:00,18.8,0.0,3.45,79.25,0.475,1.875,228.446,2.773,512700.0,0.0,0
2023-05-14 12:00:00,19.35,0.0,3.175,77.75,0.5,2.235,266.542,1.035,508567.0,0.0,0
2023-05-14 13:00:00,20.35,0.0,3.375,76.5,0.95,3.365,236.091,4.684,485801.0,1.0,1
2023-05-14 14:00:00,19.9,0.0,3.1,77.5,0.625,2.57,200.087,4.937,510483.0,0.0,0
2023-05-14 15:00:00,19.35,0.0,2.575,79.0,0.525,2.18,166.556,3.263,527390.0,0.0,0
2023-05-14 16:00:00,19.1,0.0,2.775,77.75,0.35,1.625,128.332,3.195,545329.0,0.0,0
2023-05-14 17:00:00,19.25,0.0,2.3,73.0,0.45,1.105,74.279,0.962,570450.0,0.0,0
2023-05-14 18:00:00,18.875,0.0,2.45,76.5,0.625,0.77,26.485,1.09,612684.0,0.0,0
2023-05-14 19:00:00,17.575,0.0,2.3,84.0,0.25,0.285,9.117,3.565,648258.0,0.0,0
2023-05-14 20:00:00,16.75,0.0,1.975,90.5,0.0,0.015,8.099,7.028,692788.0,0.0,0
2023-05-14 21:00:00,16.225,0.0,1.95,93.5,0.0,0.0,5.371,8.507,713251.0,0.0,0
2023-05-14 22:00:00,15.9,0.0,1.65,93.5,0.0,0.0,2.276,11.454,706908.0,0.0,0
2023-05-14 23:00:00,15.525,0.0,1.55,94.75,0.0,0.0,0.547,11.545,688862.0,0.0,0
2023-05-15 00:00:00,15.5,0.0,1.975,92.75,0.0,0.0,0.145,16.751,666478.0,0.0,0
2023-05-15 01:00:00,15.475,0.0,1.775,91.25,0.0,0.0,0.001,9.667,627832.0,0.0,0
2023-05-15 02:00:00,15.425,0.0,1.475,90.25,0.0,0.0,0.0,1.443,598399.0,0.0,0
2023-05-15 03:00:00,14.85,0.0,1.625,90.0,0.0,0.0,0.0,2.13,580303.0,0.0,0
2023-05-15 04:00:00,14.575,0.0,1.55,89.75,0.0,0.0,0.0,3.273,575645.0,0.0,0
2023-05-15 05:00:00,14.625,0.0,1.75,89.75,0.0,0.0,0.556,12.798,577057.0,0.0,0
2023-05-15 06:00:00,14.775,0.0,2.225,90.5,0.0,0.005,17.928,18.528,586275.0,0.0,0
2023-05-15 07:00:00,15.55,0.0,1.675,91.5,0.05,0.22,72.518,8.432,587981.0,0.0,0
2023-05-15 08:00:00,17.375,0.0,2.125,89.5,0.525,0.77,144.043,5.079,576463.0,0.0,0
2023-05-15 09:00:00,18.8,0.0,2.55,82.75,0.7,1.5,154.461,2.753,584376.0,0.0,0
2023-05-15 10:00:00,19.225,0.0,2.225,81.25,0.425,1.42,51.921,40.347,619072.0,0.0,0
2023-05-15 11:00:00,17.65,2.5,4.45,81.75,0.075,0.125,63.633,41.597,704036.0,0.0,0
2023-05-15 12:00:00,18.75,0.5,3.1,81.5,0.2,1.27,113.879,31.738,700986.0,0.0,0
2023-05-15 13:00:00,20.175,0.15,3.0,73.25,0.325,1.7,121.76,110.617,650369.0,0.0,0
2023-05-15 14:00:00,21.65,0.267,4.65,64.5,0.35,1.815,216.691,56.562,652966.0,0.0,0
2023-05-15 15:00:00,22.025,0.0,4.3,66.25,0.775,2.02,180.175,41.133,597802.0,5.0,1
2023-05-15 16:00:00,22.05,0.0,4.3,65.25,0.85,2.385,156.507,39.394,596307.0,0.0,0
2023-05-15 17:00:00,21.9,0.0,4.15,66.25,1.0,1.7,87.618,40.823,624528.0,0.0,0
2023-05-15 18:00:00,21.425,0.0,3.825,67.75,0.975,1.04,31.749,62.111,655170.0,0.0,0
2023-05-15 19:00:00,20.1,0.0,3.175,75.5,0.65,0.375,8.283,65.559,680089.0,0.0,0
2023-05-15 20:00:00,18.825,0.0,2.625,85.75,0.0,0.025,6.342,55.941,713539.0,0.0,0
2023-05-15 21:00:00,18.175,0.0,2.425,90.75,0.0,0.0,3.292,33.321,726378.0,0.0,0
2023-05-15 22:00:00,17.5,0.0,2.425,95.0,0.0,0.0,1.283,14.637,709605.0,0.0,0
2023-05-15 23:00:00,17.2,0.0,2.575,95.25,0.0,0.0,0.026,8.288,677236.0,0.0,0
2023-05-16 00:00:00,16.8,0.0,2.1,94.25,0.0,0.0,0.0,5.156,650481.0,0.0,0
2023-05-16 01:00:00,16.45,0.0,2.175,93.5,0.0,0.0,0.0,4.407,612910.0,0.0,0
2023-05-16 02:00:00,15.8,0.0,2.175,93.0,0.0,0.0,0.0,2.464,590136.0,0.0,0
2023-05-16 03:00:00,15.475,0.0,1.725,94.25,0.0,0.0,0.0,2.837,569457.0,0.0,0
2023-05-16 04:00:00,14.875,0.0,1.125,92.25,0.0,0.0,0.0,2.521,565313.0,0.0,0
2023-05-16 05:00:00,14.775,0.0,1.85,89.5,0.0,0.0,0.894,4.667,575281.0,0.0,0
2023-05-16 06:00:00,15.325,0.0,2.1,85.5,0.0,0.01,22.092,4.25,588825.0,0.0,0
2023-05-16 07:00:00,17.775,0.0,1.875,76.5,0.6,0.335,85.636,3.478,585496.0,0.0,0
2023-05-16 08:00:00,19.525,0.0,1.525,77.25,0.9,1.045,168.944,3.213,573378.0,0.0,0
2023-05-16 09:00:00,20.025,0.0,2.175,79.25,0.75,1.83,240.648,3.949,582809.0,0.0,0
2023-05-16 10:00:00,21.375,0.0,2.65,75.75,0.85,2.515,284.26,3.739,579074.0,0.0,0
2023-05-16 11:00:00,22.45,0.0,3.525,72.75,1.0,3.075,313.673,4.572,571519.0,0.0,0
2023-05-16 12:00:00,22.975,0.0,3.95,71.75,1.0,3.445,319.776,2.255,566531.0,0.0,0
2023-05-16 13:00:00,22.3,0.0,5.35,76.25,0.975,3.52,312.733,13.404,557121.0,0.0,0
2023-05-16 14:00:00,22.6,0.0,4.525,77.5,0.675,3.145,292.507,21.451,576694.0,0.0,0
2023-05-16 15:00:00,22.8,0.0,4.4,75.5,0.9,2.93,242.8,20.711,585176.0,1.0,1
2023-05-16 16:00:00,22.25,0.0,5.25,77.0,0.8,2.21,168.175,16.657,607020.0,0.0,0
2023-05-16 17:00:00,21.975,0.0,4.175,79.0,0.75,1.49,85.219,14.742,643425.0,0.0,0
2023-05-16 18:00:00,21.675,0.0,4.325,81.25,0.75,0.825,25.589,22.221,682981.0,0.0,0
2023-05-16 19:00:00,20.35,0.0,3.65,88.0,0.6,0.305,8.845,28.383,705932.0,0.0,0
2023-05-16 20:00:00,19.925,0.0,2.575,90.75,0.0,0.015,7.805,36.735,730414.0,0.0,0
2023-05-16 21:00:00,19.35,0.0,2.575,93.75,0.0,0.0,5.592,52.903,731914.0,0.0,0
2023-05-16 22:00:00,19.45,0.0,2.475,93.25,0.0,0.0,2.373,65.839,707262.0,0.0,0
2023-05-16 23:00:00,19.2,0.0,2.6,92.5,0.0,0.0,0.711,63.384,682331.0,0.0,0
2023-05-17 00:00:00,18.8,0.0,2.525,93.5,0.0,0.0,0.176,54.978,657588.0,0.0,0
2023-05-17 01:00:00,18.6,0.0,2.35,93.75,0.0,0.0,0.001,49.967,613822.0,0.0,0
2023-05-17 02:00:00,17.675,0.0,2.05,93.75,0.0,0.0,0.001,61.222,584794.0,0.0,0
2023-05-17 03:00:00,17.65,0.0,2.2,92.75,0.0,0.0,0.0,81.281,566421.0,0.0,0
2023-05-17 04:00:00,17.625,0.0,2.45,88.25,0.0,0.0,0.0,84.752,556343.0,0.0,0
2023-05-17 05:00:00,17.8,0.0,2.55,86.25,0.0,0.0,2.094,98.457,557886.0,0.0,0
2023-05-17 06:00:00,18.1,0.0,2.25,86.0,0.0,0.04,29.485,95.419,561960.0,0.0,0
2023-05-17 07:00:00,19.2,0.0,2.275,87.5,0.425,0.375,60.138,104.013,557318.0,0.0,0
2023-05-17 08:00:00,20.475,0.0,2.925,85.25,0.35,0.785,125.147,107.379,588867.0,0.0,0
2023-05-17 09:00:00,21.675,0.0,3.55,80.5,0.5,1.305,162.803,130.261,604989.0,0.0,0
2023-05-17 10:00:00,22.125,0.0,3.575,80.25,0.45,1.81,194.618,120.943,619216.0,0.0,0
2023-05-17 11:00:00,22.9,0.0,4.0,78.0,0.675,2.455,253.266,79.415,619712.0,0.0,0
2023-05-17 12:00:00,24.025,0.0,4.35,71.75,0.825,2.98,235.45,88.33,597520.0,68.0,1
2023-05-17 13:00:00,24.075,0.0,4.35,73.25,0.65,3.155,219.024,108.972,594095.0,36.0,1
2023-05-17 14:00:00,23.85,0.0,4.25,76.0,0.625,2.465,175.163,100.465,625974.0,6.0,1
2023-05-17 15:00:00,24.0,0.0,4.325,76.5,0.475,2.295,132.192,99.568,636661.0,0.0,0
2023-05-17 16:00:00,23.075,0.0,3.525,81.25,0.225,1.67,89.186,73.58,664447.0,0.0,0
2023-05-17 17:00:00,22.675,0.0,3.5,81.0,0.25,1.36,39.658,65.048,682535.0,0.0,0
2023-05-17 18:00:00,22.225,0.0,2.7,83.5,0.0,0.535,13.957,90.285,708802.0,0.0,0
2023-05-17 19:00:00,21.6,0.0,2.75,85.0,0.0,0.145,8.047,79.922,721369.0,0.0,0
2023-05-17 20:00:00,21.175,0.0,2.1,87.0,0.0,0.005,7.659,70.08,740017.0,0.0,0
2023-05-17 21:00:00,21.3,0.0,2.45,83.25,0.0,0.0,4.959,73.978,730567.0,0.0,0
2023-05-17 22:00:00,21.0,0.0,2.15,85.0,0.0,0.0,2.02,80.209,702278.0,0.0,0
2023-05-17 23:00:00,20.875,0.0,3.125,85.5,0.0,0.0,0.502,97.248,674488.0,0.0,0
2023-05-18 00:00:00,20.55,0.075,3.85,87.75,0.0,0.0,0.148,100.685,645821.0,0.0,0
2023-05-18 01:00:00,19.55,0.325,4.2,88.5,0.0,0.0,0.001,108.341,601847.0,0.0,0
2023-05-18 02:00:00,19.525,0.15,4.075,81.5,0.0,0.0,0.0,88.603,568568.0,0.0,0
2023-05-18 03:00:00,18.35,1.075,3.375,84.75,0.0,0.0,0.0,66.039,553971.0,0.0,0
2023-05-18 04:00:00,17.825,1.6,2.975,88.25,0.0,0.0,0.001,34.345,546415.0,0.0,0
2023-05-18 05:00:00,17.375,5.025,2.65,92.75,0.0,0.0,0.014,49.09,548165.0,0.0,0
2023-05-18 06:00:00,17.075,8.475,3.175,96.25,0.0,0.0,0.374,55.958,559114.0,0.0,0
2023-05-18 07:00:00,17.3,10.125,2.475,97.5,0.0,0.005,5.981,61.593,595077.0,0.0,0
2023-05-18 08:00:00,17.225,9.25,4.175,97.75,0.0,0.07,25.613,100.638,647045.0,0.0,0
2023-05-18 09:00:00,17.475,7.5,4.8,96.5,0.0,0.3,41.624,119.12,685028.0,0.0,0
2023-05-18 10:00:00,17.675,4.45,5.45,93.75,0.0,0.435,76.436,126.31,708216.0,0.0,0
2023-05-18 11:00:00,18.05,4.3,6.45,92.75,0.0,0.74,120.77,141.662,690530.0,0.0,0
2023-05-18 12:00:00,18.625,2.2,6.6,91.75,0.025,1.505,124.503,122.182,667368.0,0.0,0
2023-05-18 13:00:00,19.675,1.767,6.325,90.75,0.1,1.89,129.755,150.637,651568.0,0.0,0
2023-05-18 14:00:00,19.925,2.933,5.825,92.25,0.1,1.73,109.101,132.484,664849.0,2.0,1
2023-05-18 15:00:00,20.3,5.7,4.825,91.75,0.05,1.84,80.846,113.691,667722.0,0.0,0
2023-05-18 16:00:00,19.95,3.967,4.0,93.75,0.0,1.0,39.326,98.307,683902.0,0.0,0
2023-05-18 17:00:00,19.425,4.833,5.0,95.25,0.0,0.32,21.16,113.113,700947.0,0.0,0
2023-05-18 18:00:00,19.125,4.833,3.875,96.75,0.0,0.13,10.134,150.166,720969.0,0.0,0
2023-05-18 19:00:00,18.275,2.85,4.875,97.5,0.0,0.045,7.683,182.152,727538.0,0.0,0
2023-05-18 20:00:00,17.975,1.8,4.75,96.25,0.0,0.005,6.608,200.111,743467.0,0.0,0
2023-05-18 21:00:00,17.675,0.833,5.3,95.25,0.0,0.0,4.328,193.678,737435.0,0.0,0
2023-05-18 22:00:00,17.625,0.75,5.2,93.0,0.0,0.0,1.771,170.62,715562.0,0.0,0
2023-05-18 23:00:00,17.65,0.6,4.7,93.0,0.0,0.0,0.061,147.76,685046.0,0.0,0
2023-05-19 00:00:00,17.725,0.5,4.7,92.5,0.0,0.0,0.0,142.053,662987.0,0.0,0
2023-05-20 01:00:00,17.875,0.0,1.5,89.5,0.0,0.0,0.002,4.877,613697.0,0.0,0
2023-05-20 02:00:00,17.675,0.0,1.85,90.5,0.0,0.0,0.001,6.93,582177.0,0.0,0
2023-05-20 03:00:00,17.7,0.0,1.475,88.25,0.0,0.0,0.001,3.788,557970.0,0.0,0
2023-05-20 04:00:00,17.075,0.0,0.925,89.25,0.0,0.0,0.0,1.057,545184.0,0.0,0
2023-05-20 05:00:00,16.95,0.0,1.725,88.5,0.0,0.0,0.843,3.854,546518.0,0.0,0
2023-05-20 06:00:00,17.025,0.0,1.525,87.0,0.0,0.01,15.888,3.903,553228.0,0.0,0
2023-05-20 07:00:00,17.475,0.0,2.275,87.0,0.125,0.24,63.349,2.592,560130.0,0.0,0
2023-05-20 08:00:00,18.875,0.0,2.6,81.5,0.275,0.79,117.179,5.062,557248.0,0.0,0
2023-05-20 09:00:00,19.55,0.0,3.075,77.75,0.45,1.29,193.334,2.457,564979.0,0.0,0
2023-05-20 10:00:00,20.325,0.0,3.225,76.0,0.625,1.95,257.226,1.388,557784.0,0.0,0
2023-05-20 11:00:00,20.75,0.0,3.55,72.75,1.0,2.95,282.818,1.775,545317.0,1.0,1
2023-05-20 12:00:00,20.275,0.0,3.925,74.5,0.8,2.68,250.683,3.345,543976.0,0.0,0
2023-05-20 13:00:00,20.575,0.0,3.275,74.25,0.75,2.485,229.379,1.85,550419.0,0.0,0
2023-05-20 14:00:00,20.85,0.0,2.85,75.5,0.725,2.475,228.074,0.855,552953.0,0.0,0
2023-05-20 15:00:00,20.625,0.0,2.875,76.5,0.775,2.635,189.613,1.138,548478.0,0.0,0
2023-05-20 16:00:00,20.175,0.0,3.0,80.25,0.65,2.0,91.307,0.695,568339.0,0.0,0
2023-05-20 17:00:00,19.9,0.0,2.6,80.75,0.475,1.33,60.866,0.391,618229.0,0.0,0
2023-05-20 18:00:00,19.65,0.0,2.9,81.75,0.35,0.95,31.079,5.89,638893.0,0.0,0
2023-05-20 19:00:00,18.7,0.0,3.325,84.5,0.35,0.32,10.225,17.616,660732.0,0.0,0
2023-05-20 20:00:00,17.625,0.0,1.725,90.5,0.0,0.02,7.365,8.138,687776.0,0.0,0
2023-05-20 21:00:00,17.275,0.0,2.525,91.25,0.0,0.0,4.495,8.656,705064.0,0.0,0
2023-05-20 22:00:00,16.925,0.0,2.125,89.5,0.0,0.0,1.378,9.626,693665.0,0.0,0
2023-05-20 23:00:00,16.4,0.0,1.75,91.0,0.0,0.0,0.373,13.612,676706.0,0.0,0
2023-05-21 00:00:00,16.075,0.0,2.45,93.25,0.0,0.0,0.133,19.649,656476.0,0.0,0
2023-05-21 01:00:00,15.9,0.0,2.275,91.75,0.0,0.0,0.001,12.713,620977.0,0.0,0
2023-05-21 02:00:00,15.725,0.0,2.525,91.5,0.0,0.0,0.0,9.604,595294.0,0.0,0
2023-05-21 03:00:00,15.3,0.0,1.95,92.5,0.0,0.0,0.0,4.323,575082.0,0.0,0
2023-05-21 04:00:00,15.3,0.0,2.125,97.0,0.0,0.0,0.0,5.907,554811.0,0.0,0
2023-05-21 05:00:00,15.275,0.0,1.775,97.25,0.0,0.0,0.642,5.252,542146.0,0.0,0
2023-05-21 06:00:00,15.2,0.0,1.875,97.0,0.0,0.005,12.658,4.018,546185.0,0.0,0
2023-05-21 07:00:00,15.45,0.0,2.15,96.75,0.0,0.075,51.017,11.421,549884.0,0.0,0
2023-05-21 08:00:00,15.975,0.0,2.9,94.25,0.1,0.185,110.721,18.765,544907.0,0.0,0
2023-05-21 09:00:00,16.975,0.0,2.45,89.25,0.275,0.5,175.961,8.861,545232.0,0.0,0
2023-05-21 10:00:00,18.075,0.0,2.725,85.0,0.5,1.275,253.215,3.642,530647.0,0.0,0
2023-05-21 11:00:00,19.2,0.0,3.55,80.75,0.675,1.9,238.654,13.368,504345.0,0.0,0
2023-05-21 12:00:00,19.45,0.0,3.9,79.0,0.5,1.435,265.508,11.028,517659.0,0.0,0
2023-05-21 13:00:00,20.025,0.0,3.75,77.5,0.75,2.685,252.241,7.563,494309.0,9.0,1
2023-05-21 14:00:00,20.275,0.0,3.7,76.5,0.825,3.08,206.545,17.656,501614.0,13.0,1
2023-05-21 15:00:00,19.85,0.0,4.475,77.5,0.575,1.855,150.948,29.142,528686.0,6.0,1
2023-05-21 16:00:00,19.45,0.0,4.275,77.5,0.375,1.135,117.588,25.471,561512.0,0.0,0
2023-05-21 17:00:00,19.075,0.0,3.025,77.75,0.275,1.08,91.065,22.85,577203.0,0.0,0
2023-05-21 18:00:00,19.025,0.0,3.075,78.0,0.725,0.93,30.242,22.028,606763.0,0.0,0
2023-05-21 19:00:00,17.85,0.0,3.1,83.5,0.675,0.375,9.795,12.53,644051.0,0.0,0
2023-05-21 20:00:00,17.05,0.0,2.675,88.0,0.025,0.025,7.849,16.23,677086.0,0.0,0
2023-05-21 21:00:00,16.525,0.0,2.625,90.25,0.0,0.0,5.698,20.58,695445.0,0.0,0
2023-05-21 22:00:00,16.175,0.0,2.15,90.75,0.0,0.0,2.38,15.218,684579.0,0.0,0
2023-05-21 23:00:00,15.95,0.0,2.825,90.5,0.0,0.0,0.429,14.839,664716.0,0.0,0
2023-05-22 00:00:00,15.75,0.0,2.6,92.25,0.0,0.0,0.151,11.741,646564.0,0.0,0
2023-05-23 01:00:00,15.0,0.0,2.775,78.5,0.0,0.0,0.0,78.836,631184.0,0.0,0
2023-05-23 02:00:00,15.05,0.0,3.175,78.75,0.0,0.0,0.0,90.864,597275.0,0.0,0
2023-05-23 03:00:00,14.975,0.0,2.825,81.5,0.0,0.0,0.0,92.115,578364.0,0.0,0
2023-05-23 04:00:00,14.575,0.0,2.425,81.75,0.0,0.0,0.0,78.498,572690.0,0.0,0
2023-05-23 05:00:00,14.675,0.0,2.475,81.0,0.0,0.0,1.348,103.437,569372.0,0.0,0
2023-05-23 06:00:00,14.725,0.0,2.15,78.0,0.0,0.015,25.502,96.495,575279.0,0.0,0
2023-05-23 07:00:00,16.075,0.0,2.1,74.5,0.5,0.34,87.359,56.938,580041.0,0.0,0
2023-05-23 08:00:00,18.1,0.0,2.125,69.25,1.0,1.015,171.027,36.142,575367.0,0.0,0
2023-05-23 09:00:00,19.25,0.0,3.325,66.75,1.0,1.785,245.555,26.675,579034.0,0.0,0
2023-05-23 10:00:00,20.325,0.0,2.7,65.0,1.0,2.475,293.189,19.678,576034.0,0.0,0
2023-05-23 11:00:00,21.2,0.0,3.025,59.0,1.0,3.055,321.114,5.809,565513.0,0.0,0
2023-05-23 12:00:00,21.0,0.0,3.525,65.5,1.0,3.32,318.61,7.957,556404.0,0.0,0
2023-05-23 13:00:00,21.3,0.0,3.45,60.5,1.0,3.545,314.951,13.093,544888.0,0.0,0
2023-05-23 14:00:00,21.0,0.0,3.6,60.0,1.0,3.475,298.046,25.416,560778.0,0.0,0
2023-05-23 15:00:00,21.5,0.0,3.475,57.25,1.0,3.165,251.935,36.016,565870.0,0.0,0
2023-05-23 16:00:00,21.475,0.0,3.375,59.25,1.0,2.645,180.538,34.152,580808.0,0.0,0
2023-05-23 17:00:00,21.175,0.0,3.225,65.0,1.0,1.96,97.656,34.091,613776.0,0.0,0
2023-05-23 18:00:00,20.025,0.0,2.65,66.5,1.0,1.2,31.463,26.226,659872.0,0.0,0
2023-05-23 19:00:00,19.225,0.0,2.525,68.75,0.9,0.47,10.266,18.081,687452.0,0.0,0
2023-05-23 20:00:00,17.925,0.0,2.25,76.75,0.025,0.03,8.228,17.508,720545.0,0.0,0
2023-05-23 21:00:00,17.525,0.0,1.45,76.0,0.0,0.0,6.066,15.806,734538.0,0.0,0
2023-05-23 22:00:00,16.9,0.0,1.925,75.25,0.0,0.0,2.51,7.987,719946.0,0.0,0
2023-05-23 23:00:00,16.375,0.0,0.975,75.0,0.0,0.0,0.299,7.421,697422.0,0.0,0
2023-05-24 00:00:00,16.075,0.0,0.875,76.0,0.0,0.0,0.0,3.285,670902.0,0.0,0
2023-05-25 01:00:00,17.75,0.0,1.5,61.25,0.0,0.0,0.0,0.623,606719.0,0.0,0
2023-05-25 02:00:00,17.725,0.0,1.85,58.0,0.0,0.0,0.0,0.421,575405.0,0.0,0
2023-05-25 03:00:00,17.55,0.0,1.85,58.25,0.0,0.0,0.0,3.113,556512.0,0.0,0
2023-05-25 04:00:00,17.6,0.0,1.95,61.5,0.0,0.0,0.0,3.206,542486.0,0.0,0
2023-05-25 05:00:00,17.4,0.0,1.3,63.0,0.0,0.0,0.862,2.737,545992.0,0.0,0
2023-05-25 06:00:00,17.15,0.0,1.9,68.0,0.0,0.005,18.972,2.634,555894.0,0.0,0
2023-05-25 07:00:00,17.95,0.0,1.625,69.0,0.25,0.275,82.389,2.139,571909.0,0.0,0
2023-05-25 08:00:00,20.5,0.0,2.4,61.5,0.85,1.0,174.683,7.667,574808.0,0.0,0
2023-05-25 09:00:00,21.95,0.0,3.25,54.25,1.0,1.875,247.743,8.642,580576.0,0.0,0
2023-05-25 10:00:00,22.6,0.0,3.275,54.25,1.0,2.56,288.322,21.423,580244.0,0.0,0
2023-05-25 11:00:00,23.05,0.0,3.8,56.0,1.0,3.1,312.515,10.333,571512.0,0.0,0
2023-05-25 12:00:00,23.225,0.0,3.725,53.75,1.0,3.44,306.738,8.424,566657.0,23.0,1
2023-05-25 13:00:00,22.475,0.0,4.3,64.5,1.0,3.5,308.956,8.599,556227.0,0.0,0
2023-05-25 14:00:00,23.125,0.0,3.05,54.25,1.0,3.39,293.64,22.391,572568.0,19.0,1
2023-05-25 15:00:00,22.675,0.0,3.4,59.75,1.0,3.135,220.799,35.429,579379.0,0.0,0
2023-05-25 16:00:00,22.25,0.0,2.875,62.25,0.975,2.17,148.068,23.398,614536.0,0.0,0
2023-05-25 17:00:00,21.95,0.0,1.9,64.75,0.95,1.6,76.86,31.178,643222.0,0.0,0
2023-05-25 18:00:00,21.25,0.0,2.85,62.25,0.45,0.78,35.168,29.491,677727.0,0.0,0
2023-05-25 19:00:00,20.65,0.0,2.925,67.0,0.375,0.495,9.365,28.893,688560.0,0.0,0
2023-05-25 20:00:00,19.75,0.0,2.7,72.75,0.0,0.01,8.674,42.414,717227.0,0.0,0
2023-05-25 21:00:00,19.625,0.0,2.35,73.5,0.0,0.0,6.17,42.835,715442.0,0.0,0
2023-05-25 22:00:00,19.575,0.0,3.075,77.0,0.0,0.0,2.545,26.678,693841.0,0.0,0
2023-05-25 23:00:00,19.4,0.0,2.525,80.0,0.0,0.0,0.295,43.48,673522.0,0.0,0
2023-05-26 00:00:00,19.25,0.0,2.375,82.25,0.0,0.0,0.0,44.682,647046.0,0.0,0
2023-05-26 01:00:00,19.05,0.0,2.325,82.5,0.0,0.0,0.002,43.509,606598.0,0.0,0
2023-05-26 02:00:00,18.925,0.0,2.425,83.5,0.0,0.0,0.0,44.387,576499.0,0.0,0
2023-05-26 03:00:00,18.925,0.0,2.075,83.75,0.0,0.0,0.0,26.706,553813.0,0.0,0
2023-05-26 04:00:00,19.025,0.0,1.625,83.75,0.0,0.0,0.0,8.815,537090.0,0.0,0
2023-05-26 05:00:00,19.5,0.0,1.475,83.5,0.0,0.0,0.143,14.613,532467.0,0.0,0
2023-05-26 06:00:00,19.45,0.0,1.05,84.75,0.0,0.0,9.081,15.477,541289.0,0.0,0
2023-05-26 07:00:00,19.925,0.0,1.825,84.75,0.0,0.08,28.849,8.372,565472.0,0.0,0
2023-05-26 08:00:00,20.475,0.0,1.625,85.25,0.0,0.325,51.331,1.644,608007.0,0.0,0
2023-05-26 09:00:00,20.925,0.0,1.65,84.25,0.0,0.595,118.942,0.864,651994.0,0.0,0
2023-05-26 10:00:00,22.475,0.0,2.125,77.5,0.0,1.195,208.94,1.852,645691.0,0.0,0
2023-05-26 11:00:00,23.375,0.0,2.875,73.5,0.275,2.395,253.191,5.39,631956.0,0.0,0
2023-05-26 12:00:00,23.675,0.0,3.75,76.25,0.675,3.09,294.664,21.339,596781.0,0.0,0
2023-05-26 13:00:00,23.825,0.0,3.1,77.0,0.925,3.235,294.111,40.321,583565.0,6.0,1
2023-05-26 14:00:00,23.875,0.0,3.925,78.75,1.0,3.38,239.864,66.44,602134.0,8.0,1
2023-05-26 15:00:00,24.625,0.0,3.65,75.75,0.95,3.005,191.198,61.974,627220.0,0.0,0
2023-05-26 16:00:00,24.625,0.0,3.325,72.0,0.65,2.05,125.45,40.143,650057.0,0.0,0
2023-05-26 17:00:00,23.525,0.0,2.925,73.75,0.425,1.495,44.014,25.462,683252.0,0.0,0
2023-05-26 18:00:00,22.725,0.0,2.675,77.75,0.0,0.525,16.556,38.286,711647.0,0.0,0
2023-05-26 19:00:00,21.85,0.0,2.775,86.0,0.0,0.225,9.24,57.748,715874.0,0.0,0
2023-05-26 20:00:00,21.3,0.0,2.875,90.25,0.0,0.015,8.668,51.748,732094.0,0.0,0
2023-05-26 21:00:00,21.3,0.0,2.5,89.5,0.0,0.0,5.965,56.635,731318.0,0.0,0
2023-05-26 22:00:00,21.3,0.0,2.45,88.5,0.0,0.0,2.355,48.325,702224.0,0.0,0
2023-05-26 23:00:00,21.45,0.0,2.85,88.0,0.0,0.0,0.304,60.06,675600.0,0.0,0
2023-05-27 00:00:00,21.45,0.0,2.55,87.25,0.0,0.0,0.0,76.233,646736.0,0.0,0
2023-06-02 01:00:00,21.6,0.15,1.725,99.0,0.0,0.0,0.127,15.437,619182.0,0.0,0
2023-06-02 02:00:00,21.475,0.05,1.725,98.5,0.0,0.0,0.017,4.281,581977.0,0.0,0
2023-06-02 03:00:00,20.825,0.0,1.425,98.5,0.0,0.0,0.0,2.901,558097.0,0.0,0
2023-06-02 04:00:00,20.875,0.0,1.3,99.0,0.0,0.0,0.022,9.181,542284.0,0.0,0
2023-06-02 05:00:00,20.5,0.95,2.125,98.75,0.0,0.0,0.627,23.337,537754.0,0.0,0
2023-06-02 06:00:00,19.775,1.9,2.425,98.75,0.0,0.01,14.202,65.373,547746.0,0.0,0
2023-06-02 07:00:00,20.3,0.9,2.825,98.75,0.125,0.18,39.525,99.352,579110.0,0.0,0
2023-06-02 08:00:00,20.4,0.2,3.05,98.75,0.075,0.18,78.38,99.897,631685.0,0.0,0
2023-06-02 09:00:00,21.1,0.0,3.425,97.25,0.0,0.505,168.245,91.307,687588.0,0.0,0
2023-06-02 10:00:00,22.075,0.0,4.375,90.75,0.3,1.53,233.0,114.783,678382.0,0.0,0
2023-06-02 11:00:00,22.4,0.0,4.55,88.0,0.5,1.78,268.882,109.576,675278.0,0.0,0
2023-06-02 12:00:00,22.8,0.0,4.05,85.25,0.7,2.57,319.447,61.46,659743.0,0.0,0
2023-06-02 13:00:00,23.825,0.0,3.425,79.25,0.925,3.32,331.848,39.16,626367.0,22.0,1
2023-06-02 14:00:00,24.15,0.0,4.4,77.5,1.0,3.49,287.558,64.607,631959.0,38.0,1
2023-06-02 15:00:00,23.75,0.0,4.575,77.25,0.95,3.045,230.957,108.319,646707.0,13.0,1
2023-06-02 16:00:00,23.55,0.0,4.825,75.25,0.9,2.475,179.643,128.521,661635.0,4.0,1
2023-06-02 17:00:00,23.2,0.0,4.125,75.5,0.925,1.85,104.268,124.972,685208.0,0.0,0
2023-06-02 18:00:00,23.475,0.0,3.65,69.5,0.925,1.265,36.083,114.489,715717.0,0.0,0
2023-06-02 19:00:00,22.625,0.0,3.625,69.0,0.95,0.52,11.453,136.937,729263.0,0.0,0
2023-06-02 20:00:00,21.5,0.0,4.35,72.75,0.05,0.05,8.457,138.964,742097.0,0.0,0
2023-06-02 21:00:00,21.05,0.0,3.775,73.75,0.0,0.0,5.721,153.056,744704.0,0.0,0
2023-06-02 22:00:00,20.125,0.0,4.2,80.5,0.0,0.0,1.974,137.062,720088.0,0.0,0
2023-06-02 23:00:00,19.675,0.0,4.075,81.0,0.0,0.0,0.313,145.899,693510.0,0.0,0
2023-06-03 00:00:00,19.55,0.0,3.925,77.75,0.0,0.0,0.0,92.652,671891.0,0.0,0
2023-06-03 01:00:00,19.325,0.0,4.225,77.0,0.0,0.0,0.321,98.672,618938.0,0.0,0
2023-06-03 02:00:00,19.1,0.0,3.575,77.75,0.0,0.0,0.373,99.464,582420.0,0.0,0
2023-06-03 03:00:00,18.775,0.0,4.5,78.75,0.0,0.0,0.373,104.34,558141.0,0.0,0
2023-06-03 04:00:00,18.3,0.0,4.325,79.25,0.0,0.0,0.236,114.034,546078.0,0.0,0
2023-06-03 05:00:00,18.025,0.0,4.075,80.0,0.0,0.0,1.4,139.722,542083.0,0.0,0
2023-06-03 06:00:00,17.725,0.0,4.075,80.0,0.05,0.025,24.615,131.035,551087.0,0.0,0
2023-06-03 07:00:00,18.825,0.0,2.7,77.25,0.575,0.285,87.748,99.629,559536.0,0.0,0
2023-06-03 08:00:00,19.7,0.0,3.275,77.75,0.675,0.84,172.621,69.745,559120.0,0.0,0
2023-06-03 09:00:00,20.6,0.0,3.6,75.5,0.875,1.72,250.979,62.884,555738.0,0.0,0
2023-06-03 10:00:00,21.275,0.0,3.775,73.0,0.9,2.25,303.073,33.755,553456.0,0.0,0
2023-06-03 11:00:00,21.95,0.0,3.85,72.5,1.0,3.165,327.373,7.586,549214.0,0.0,0
2023-06-03 12:00:00,22.5,0.0,3.85,69.75,1.0,3.515,324.582,7.721,545507.0,0.0,0
2023-06-03 13:00:00,22.9,0.0,3.525,67.25,1.0,3.665,318.687,9.12,536255.0,0.0,0
2023-06-03 14:00:00,23.4,0.0,3.3,65.75,1.0,3.56,304.584,16.516,542853.0,43.0,1
2023-06-03 15:00:00,23.475,0.0,3.875,65.25,1.0,3.25,258.652,17.607,548809.0,0.0,0
2023-06-03 16:00:00,23.675,0.0,3.225,62.5,1.0,2.72,187.508,14.243,566373.0,0.0,0
2023-06-03 17:00:00,23.425,0.0,2.5,63.75,1.0,2.065,102.959,16.439,604018.0,0.0,0
2023-06-03 18:00:00,22.65,0.0,2.85,67.0,1.0,1.31,32.463,29.224,652972.0,0.0,0
2023-06-03 19:00:00,21.85,0.0,2.475,66.0,0.95,0.555,10.946,56.704,691653.0,0.0,0
2023-06-03 20:00:00,20.85,0.0,2.75,69.5,0.15,0.06,8.434,75.007,710722.0,0.0,0
2023-06-03 21:00:00,20.3,0.0,1.9,67.5,0.0,0.0,5.891,73.317,716177.0,0.0,0
2023-06-03 22:00:00,20.075,0.0,2.125,65.25,0.0,0.0,2.08,57.667,700020.0,0.0,0
2023-06-03 23:00:00,19.825,0.0,2.325,64.25,0.0,0.0,0.323,51.772,674418.0,0.0,0
2023-06-04 00:00:00,19.65,0.0,2.475,63.0,0.0,0.0,0.0,36.691,646641.0,0.0,0
2023-06-04 01:00:00,20.075,0.0,2.275,50.75,0.0,0.0,0.322,29.772,603593.0,0.0,0
2023-06-04 02:00:00,20.0,0.0,1.55,55.0,0.0,0.0,0.373,36.356,567962.0,0.0,0
2023-06-04 03:00:00,19.275,0.0,2.275,62.0,0.0,0.0,0.373,49.653,547336.0,0.0,0
2023-06-04 04:00:00,19.25,0.0,2.825,61.5,0.0,0.0,0.236,58.955,532138.0,0.0,0
2023-06-04 05:00:00,19.35,0.0,3.05,66.75,0.0,0.0,0.326,78.165,529056.0,0.0,0
2023-06-04 06:00:00,19.7,0.0,3.125,65.5,0.0,0.005,9.22,83.188,527316.0,0.0,0
2023-06-04 07:00:00,20.1,0.0,1.85,62.5,0.0,0.095,29.112,76.804,544658.0,0.0,0
2023-06-04 08:00:00,20.7,0.0,2.15,62.25,0.0,0.28,58.533,57.027,562042.0,0.0,0
2023-06-04 09:00:00,21.35,0.0,1.625,58.0,0.0,0.56,131.669,38.99,576901.0,0.0,0
2023-06-04 10:00:00,23.3,0.0,2.0,48.75,0.025,1.09,171.087,29.664,564768.0,0.0,0
2023-06-04 11:00:00,24.225,0.0,2.45,42.5,0.2,1.54,194.71,21.682,570440.0,0.0,0
2023-06-04 12:00:00,24.975,0.0,2.625,39.25,0.35,2.255,205.549,17.946,556624.0,3.0,1
2023-06-04 13:00:00,24.725,0.0,3.0,41.25,0.05,2.145,213.29,24.568,564214.0,0.0,0
2023-06-04 14:00:00,25.2,0.0,3.05,44.5,0.2,2.21,237.762,23.744,562242.0,2.0,1
2023-06-04 15:00:00,25.275,0.0,2.625,42.25,0.75,2.735,211.357,30.446,552068.0,2.0,1
2023-06-04 16:00:00,24.9,0.0,2.825,44.75,0.575,2.28,156.936,32.164,564103.0,0.0,0
2023-06-04 17:00:00,24.7,0.0,2.55,42.25,0.725,1.88,76.926,29.812,597345.0,0.0,0
2023-06-04 18:00:00,24.125,0.0,2.925,41.0,0.375,0.82,26.974,35.15,649144.0,0.0,0
2023-06-04 19:00:00,23.15,0.0,1.725,44.25,0.1,0.245,9.841,33.223,680091.0,0.0,0
2023-06-04 20:00:00,22.375,0.0,1.95,44.75,0.0,0.015,7.721,25.202,704445.0,0.0,0
2023-06-04 21:00:00,21.525,0.0,1.625,58.0,0.0,0.0,4.813,26.332,709235.0,0.0,0
2023-06-04 22:00:00,21.375,0.0,1.15,54.75,0.0,0.0,1.364,41.998,686264.0,0.0,0
2023-06-04 23:00:00,21.15,0.0,2.425,57.0,0.0,0.0,0.044,42.852,656969.0,0.0,0
2023-06-05 00:00:00,20.85,0.0,2.125,58.5,0.0,0.0,0.001,28.306,633501.0,0.0,0
2023-06-07 01:00:00,16.85,0.0,1.75,89.5,0.0,0.0,0.06,13.453,601303.0,0.0,0
2023-06-07 02:00:00,16.575,0.0,1.8,88.5,0.0,0.0,0.0,14.083,568932.0,0.0,0
2023-06-07 03:00:00,16.475,0.0,1.7,88.5,0.0,0.0,0.0,13.781,545678.0,0.0,0
2023-06-07 04:00:00,16.2,0.0,1.925,88.75,0.0,0.0,0.022,11.504,532104.0,0.0,0
2023-06-07 05:00:00,15.625,0.0,1.625,89.5,0.0,0.0,2.249,6.251,532222.0,0.0,0
2023-06-07 06:00:00,15.65,0.0,1.5,90.0,0.025,0.025,26.174,5.87,538568.0,0.0,0
2023-06-07 07:00:00,17.575,0.0,1.7,90.25,0.35,0.365,80.281,2.797,552044.0,0.0,0
2023-06-07 08:00:00,19.55,0.0,1.65,88.0,0.775,1.02,157.15,0.909,573515.0,0.0,0
2023-06-07 09:00:00,20.625,0.0,2.15,84.25,0.775,1.83,170.758,0.628,596367.0,0.0,0
2023-06-07 10:00:00,20.5,0.0,2.75,83.0,0.525,1.83,203.449,2.255,637822.0,0.0,0
2023-06-07 11:00:00,20.7,0.0,2.9,83.5,0.525,2.115,260.202,3.882,639220.0,0.0,0
2023-06-07 12:00:00,21.4,0.0,3.375,81.0,0.65,2.64,291.611,4.836,604409.0,2.0,1
2023-06-07 13:00:00,22.0,0.0,3.875,79.0,0.85,3.0,314.953,20.788,586372.0,2.0,1
2023-06-07 14:00:00,22.5,0.0,4.05,77.5,1.0,3.46,267.82,33.167,594540.0,0.0,0
2023-06-07 15:00:00,21.775,0.0,4.925,77.75,0.95,2.92,238.45,29.382,616549.0,0.0,0
2023-06-07 16:00:00,22.3,0.0,3.825,76.0,0.925,2.475,159.272,19.367,621968.0,0.0,0
2023-06-07 17:00:00,21.45,0.0,4.375,78.5,0.75,1.34,83.648,22.868,666639.0,0.0,0
2023-06-07 18:00:00,20.7,0.0,3.625,80.5,0.65,0.69,33.14,25.814,694523.0,0.0,0
2023-06-07 19:00:00,19.925,0.0,2.95,83.25,0.225,0.23,10.395,22.762,708139.0,0.0,0
2023-06-07 20:00:00,19.425,0.0,2.225,86.0,0.0,0.02,7.38,14.042,730816.0,0.0,0
2023-06-07 21:00:00,19.325,0.0,1.9,87.25,0.0,0.0,4.89,9.134,731556.0,0.0,0
2023-06-07 22:00:00,19.15,0.0,1.95,88.75,0.0,0.0,1.94,15.228,704361.0,0.0,0
2023-06-07 23:00:00,19.15,0.0,1.85,89.5,0.0,0.0,0.322,17.918,675079.0,0.0,0
2023-06-08 00:00:00,19.1,0.0,2.275,90.75,0.0,0.0,0.0,24.64,645176.0,0.0,0
2023-06-10 01:00:00,20.075,0.0,2.925,87.75,0.0,0.0,0.001,99.597,614019.0,0.0,0
2023-06-10 02:00:00,20.2,0.0,3.35,91.75,0.0,0.0,0.001,64.485,579348.0,0.0,0
2023-06-10 03:00:00,20.25,0.0,2.225,87.75,0.0,0.0,0.001,32.349,558648.0,0.0,0
2023-06-10 04:00:00,20.125,0.0,1.775,84.25,0.0,0.0,0.022,17.355,542790.0,0.0,0
2023-06-10 05:00:00,19.3,0.0,1.7,84.75,0.0,0.0,1.537,7.348,541005.0,0.0,0
2023-06-10 06:00:00,19.075,0.0,1.85,85.5,0.0,0.015,17.465,25.158,547432.0,0.0,0
2023-06-10 07:00:00,20.25,0.0,2.025,86.0,0.325,0.265,81.702,5.861,556580.0,0.0,0
2023-06-10 08:00:00,21.9,0.0,1.8,82.5,0.825,0.81,154.228,0.825,559455.0,0.0,0
2023-06-10 09:00:00,22.975,0.0,2.625,78.75,0.775,1.325,222.351,3.231,571925.0,0.0,0
2023-06-10 10:00:00,24.55,0.0,3.05,72.25,0.95,2.435,276.64,8.117,576073.0,0.0,0
2023-06-10 11:00:00,24.925,0.0,2.9,70.5,1.0,2.975,316.965,27.302,572480.0,0.0,0
2023-06-10 12:00:00,25.675,0.0,3.225,69.25,1.0,3.395,328.42,23.262,569644.0,16.0,1
2023-06-10 13:00:00,25.95,0.0,3.85,69.0,0.975,3.585,278.552,47.586,578396.0,34.0,1
2023-06-10 14:00:00,25.925,0.0,4.0,71.5,0.825,3.51,202.215,66.018,601145.0,19.0,1
2023-06-10 15:00:00,26.275,0.0,3.6,71.5,0.75,3.045,171.473,40.309,636015.0,4.0,1
2023-06-10 16:00:00,25.525,0.0,4.1,74.5,0.625,2.695,136.245,20.441,650368.0,0.0,0
2023-06-10 17:00:00,25.7,0.0,3.075,75.25,0.75,2.05,77.133,13.784,672440.0,0.0,0
2023-06-10 18:00:00,24.325,0.0,3.225,82.75,0.7,1.31,20.568,16.322,703406.0,0.0,0
2023-06-10 19:00:00,22.975,0.0,1.8,87.75,0.175,0.255,8.643,41.641,744550.0,0.0,0
2023-06-10 20:00:00,21.925,0.0,2.275,93.5,0.0,0.015,7.062,22.072,753590.0,0.0,0
2023-06-10 21:00:00,21.425,0.0,2.375,94.25,0.0,0.0,4.604,1.806,750875.0,0.0,0
2023-06-10 22:00:00,21.05,0.0,1.875,95.25,0.0,0.0,2.287,7.67,717286.0,0.0,0
2023-06-10 23:00:00,20.675,0.0,2.825,96.25,0.0,0.0,0.469,23.282,682366.0,0.0,0
2023-06-11 00:00:00,20.575,0.0,2.3,97.5,0.0,0.0,0.0,20.229,658027.0,0.0,0
2023-06-15 01:00:00,19.975,0.0,2.1,83.5,0.0,0.0,0.001,14.775,624166.0,0.0,0
2023-06-15 02:00:00,19.725,0.0,1.85,83.0,0.0,0.0,0.001,11.202,585191.0,0.0,0
2023-06-15 03:00:00,19.6,0.0,2.125,80.5,0.0,0.0,0.001,10.934,561092.0,0.0,0
2023-06-15 04:00:00,19.325,0.0,1.55,79.5,0.0,0.0,0.023,10.912,545523.0,0.0,0
2023-06-15 05:00:00,19.225,0.0,2.025,76.75,0.0,0.0,1.819,18.108,541989.0,0.0,0
2023-06-15 06:00:00,19.425,0.0,1.8,73.25,0.0,0.015,25.272,13.692,551334.0,0.0,0
2023-06-15 07:00:00,20.4,0.0,1.175,71.0,0.3,0.305,75.197,11.917,575038.0,0.0,0
2023-06-15 08:00:00,22.175,0.0,1.35,68.75,0.675,0.91,149.63,8.505,606570.0,0.0,0
2023-06-15 09:00:00,23.05,0.0,2.275,69.5,0.875,1.585,216.192,6.52,637825.0,0.0,0
2023-06-15 10:00:00,23.5,0.0,3.375,72.25,0.95,2.35,271.545,7.556,657273.0,0.0,0
2023-06-15 11:00:00,24.225,0.0,3.725,69.75,1.0,2.935,287.891,4.52,655100.0,0.0,0
2023-06-15 12:00:00,24.7,0.0,3.35,69.0,1.0,3.295,292.904,2.836,652201.0,0.0,0
2023-06-15 13:00:00,23.625,0.0,3.475,73.75,0.825,3.44,282.661,20.25,644079.0,2.0,1
2023-06-15 14:00:00,23.7,0.0,3.6,75.25,0.775,3.38,254.04,18.618,663590.0,0.0,0
2023-06-15 15:00:00,24.35,0.0,3.6,71.75,0.825,3.115,218.091,5.246,672266.0,0.0,0
2023-06-15 16:00:00,23.95,0.0,3.525,71.0,0.825,2.615,168.0,3.944,686015.0,0.0,0
2023-06-15 17:00:00,23.65,0.0,3.05,70.75,0.75,1.995,96.202,2.827,708730.0,0.0,0
2023-06-15 18:00:00,23.35,0.0,3.125,71.75,0.9,1.275,34.959,4.034,741138.0,0.0,0
2023-06-15 19:00:00,22.725,0.0,2.55,72.5,0.975,0.575,10.549,10.615,758125.0,0.0,0
2023-06-15 20:00:00,21.525,0.0,2.45,74.75,0.175,0.075,6.358,13.383,769553.0,0.0,0
2023-06-15 21:00:00,20.675,0.0,2.1,79.25,0.0,0.0,4.145,14.311,767059.0,0.0,0
2023-06-15 22:00:00,20.325,0.0,1.7,80.5,0.0,0.0,1.835,5.6,735987.0,0.0,0
2023-06-15 23:00:00,19.95,0.0,1.375,80.75,0.0,0.0,0.426,1.308,702825.0,0.0,0
2023-06-16 00:00:00,19.325,0.0,1.9,79.75,0.0,0.0,0.0,3.549,669512.0,0.0,0
2023-06-16 01:00:00,19.225,0.0,1.575,78.5,0.0,0.0,0.001,0.904,625455.0,0.0,0
2023-06-16 02:00:00,19.175,0.0,1.425,76.5,0.0,0.0,0.001,0.352,588912.0,0.0,0
2023-06-16 03:00:00,19.0,0.0,1.875,76.25,0.0,0.0,0.17,0.445,563001.0,0.0,0
2023-06-16 04:00:00,18.825,0.0,1.6,75.0,0.0,0.0,0.022,0.085,545927.0,0.0,0
2023-06-16 05:00:00,18.625,0.0,1.9,77.0,0.0,0.0,1.659,0.987,544910.0,0.0,0
2023-06-16 06:00:00,18.7,0.0,2.125,77.25,0.075,0.025,23.582,1.642,553088.0,0.0,0
2023-06-16 07:00:00,20.425,0.0,1.025,70.5,0.925,0.45,90.2,0.66,573542.0,0.0,0
2023-06-16 08:00:00,22.7,0.0,1.125,64.75,1.0,1.19,174.036,0.191,597329.0,0.0,0
2023-06-16 09:00:00,22.825,0.0,2.075,71.5,1.0,1.88,201.462,0.133,629717.0,0.0,0
2023-06-16 10:00:00,22.925,0.0,2.3,69.5,0.95,2.29,258.133,0.105,664799.0,0.0,0
2023-06-16 11:00:00,23.575,0.0,2.5,69.25,0.975,2.745,303.226,0.747,660046.0,0.0,0
2023-06-16 12:00:00,24.0,0.0,3.55,73.0,1.0,3.135,309.364,1.021,648569.0,0.0,0
2023-06-16 13:00:00,24.475,0.0,3.75,69.75,1.0,3.475,286.367,1.481,644536.0,0.0,0
2023-06-16 14:00:00,24.45,0.0,2.525,65.0,1.0,3.04,236.893,2.207,669875.0,0.0,0
2023-06-16 15:00:00,24.575,0.0,2.4,64.5,0.775,2.47,182.949,2.71,685620.0,0.0,0
2023-06-16 16:00:00,23.95,0.0,2.35,71.25,0.675,1.935,113.27,3.426,703841.0,0.0,0
2023-06-16 17:00:00,23.675,0.0,1.75,68.5,0.2,0.96,61.483,2.914,733082.0,0.0,0
2023-06-16 18:00:00,23.425,0.0,1.9,69.0,0.05,0.615,28.595,1.485,743500.0,0.0,0
2023-06-16 19:00:00,22.725,0.0,2.275,69.75,0.0,0.275,12.558,3.266,749032.0,0.0,0
2023-06-16 20:00:00,21.875,0.0,1.925,74.5,0.125,0.09,6.749,6.225,758397.0,0.0,0
2023-06-16 21:00:00,21.075,0.0,1.45,77.25,0.0,0.0,4.795,7.572,761589.0,0.0,0
2023-06-16 22:00:00,20.775,0.0,1.825,79.25,0.0,0.0,1.786,5.745,730362.0,0.0,0
2023-06-16 23:00:00,20.35,0.0,1.65,77.75,0.0,0.0,0.421,1.718,701085.0,0.0,0
2023-06-17 00:00:00,19.95,0.0,2.075,71.0,0.0,0.0,0.001,0.773,672759.0,0.0,0
2023-06-17 01:00:00,19.75,0.0,1.825,69.0,0.0,0.0,0.002,0.073,626915.0,0.0,0
2023-06-17 02:00:00,19.625,0.0,1.775,68.25,0.0,0.0,0.047,0.0,589977.0,0.0,0
2023-06-17 03:00:00,19.125,0.0,1.7,68.75,0.0,0.0,0.05,0.167,566332.0,0.0,0
2023-06-17 04:00:00,18.6,0.0,2.225,74.5,0.0,0.0,0.007,0.073,549328.0,0.0,0
2023-06-17 05:00:00,18.45,0.0,1.85,74.25,0.0,0.0,2.568,0.0,544326.0,0.0,0
2023-06-17 06:00:00,18.525,0.0,2.075,78.5,0.0,0.025,32.303,0.019,551047.0,0.0,0
2023-06-17 07:00:00,20.525,0.0,1.675,71.0,0.4,0.35,62.316,0.0,557693.0,0.0,0
2023-06-17 08:00:00,21.725,0.0,1.575,71.25,0.325,0.645,150.97,0.004,578942.0,0.0,0
2023-06-17 09:00:00,23.9,0.0,2.575,67.5,0.925,1.735,238.343,0.563,579119.0,0.0,0
2023-06-17 10:00:00,24.975,0.0,2.775,61.75,1.0,2.56,275.023,1.239,586518.0,0.0,0
2023-06-17 11:00:00,24.875,0.0,4.1,65.0,1.0,3.095,283.671,1.858,599116.0,2.0,1
2023-06-17 12:00:00,25.2,0.0,4.825,69.75,1.0,3.42,280.503,1.871,604224.0,4.0,1
2023-06-17 13:00:00,25.35,0.0,3.35,71.0,1.0,3.545,278.124,1.844,602723.0,6.0,1
2023-06-17 14:00:00,25.9,0.0,2.65,62.5,1.0,3.485,281.284,2.179,612028.0,0.0,0
2023-06-17 15:00:00,25.375,0.0,3.025,69.75,1.0,3.105,227.994,7.288,616969.0,0.0,0
2023-06-17 16:00:00,25.15,0.0,3.05,71.75,0.925,2.285,132.725,9.817,642347.0,0.0,0
2023-06-17 17:00:00,24.65,0.0,2.225,75.0,0.5,1.36,53.674,3.7,687897.0,0.0,0
2023-06-17 18:00:00,23.725,0.0,1.8,82.0,0.075,0.485,20.665,0.622,734092.0,0.0,0
2023-06-17 19:00:00,23.375,0.0,1.675,82.5,0.0,0.15,8.853,1.984,751685.0,0.0,0
2023-06-17 20:00:00,23.0,0.0,1.1,84.75,0.0,0.015,6.893,0.12,765166.0,0.0,0
2023-06-17 21:00:00,22.875,0.0,1.475,85.5,0.0,0.0,4.602,0.454,762925.0,0.0,0
2023-06-17 22:00:00,22.75,0.0,1.35,87.5,0.0,0.0,1.83,1.025,733133.0,0.0,0
2023-06-17 23:00:00,22.675,0.0,1.5,87.25,0.0,0.0,0.424,1.986,703358.0,0.0,0
2023-06-18 00:00:00,22.6,0.0,1.6,86.0,0.0,0.0,0.0,3.142,670417.0,0.0,0
2023-08-10 01:00:00,26.025,1.65,7.825,87.75,0.0,0.0,0.03,170.218,723215.0,0.0,0
2023-08-10 02:00:00,25.925,1.9,8.475,88.0,0.0,0.0,0.0,162.129,681746.0,0.0,0
2023-08-10 03:00:00,25.975,1.95,7.5,86.75,0.0,0.0,0.0,167.916,651540.0,0.0,0
2023-08-10 04:00:00,25.975,1.0,7.775,86.75,0.0,0.0,0.0,170.869,633525.0,0.0,0
2023-08-10 05:00:00,25.85,0.325,8.175,86.5,0.0,0.0,0.032,176.212,625634.0,0.0,0
2023-08-10 06:00:00,25.725,0.967,7.05,87.25,0.0,0.0,2.838,195.431,631332.0,0.0,0
2023-08-10 07:00:00,25.725,0.6,8.925,85.5,0.0,0.01,11.515,200.733,653205.0,0.0,0
2023-08-10 08:00:00,25.675,0.0,9.1,85.5,0.0,0.135,45.5,191.303,716904.0,0.0,0
2023-08-10 09:00:00,26.45,0.0,8.85,81.5,0.25,0.595,118.717,192.659,782688.0,0.0,0
2023-08-10 10:00:00,26.975,0.0,8.325,77.75,0.625,1.315,185.934,186.206,832688.0,0.0,0
2023-08-10 11:00:00,27.65,0.0,8.45,75.0,0.7,1.655,220.282,171.294,844947.0,0.0,0
2023-08-10 12:00:00,28.35,0.0,8.0,72.75,0.75,2.285,244.652,165.265,842285.0,0.0,0
2023-08-10 13:00:00,28.825,0.0,8.6,66.75,0.95,3.29,272.15,204.576,829444.0,0.0,0
2023-08-10 14:00:00,29.0,0.0,7.475,66.75,0.975,3.155,278.934,153.02,833957.0,13.0,1
2023-08-10 15:00:00,29.4,0.0,7.975,63.75,0.975,2.705,243.435,120.252,834982.0,50.0,1
2023-08-10 16:00:00,30.025,0.0,6.35,61.25,1.0,2.465,183.16,109.85,855276.0,38.0,1
2023-08-10 17:00:00,29.8,0.0,6.225,63.75,1.0,1.91,94.855,101.733,888503.0,0.0,0
2023-08-10 18:00:00,28.825,0.0,5.8,69.25,0.95,1.095,26.866,102.648,939570.0,0.0,0
2023-08-10 19:00:00,27.85,0.0,5.525,74.75,0.675,0.375,8.489,102.839,951580.0,0.0,0
2023-08-10 20:00:00,27.3,0.0,4.85,77.25,0.025,0.02,5.915,49.515,961275.0,0.0,0
2023-08-10 21:00:00,27.125,0.0,3.75,79.0,0.0,0.0,3.78,46.501,947008.0,0.0,0
2023-08-10 22:00:00,27.025,0.0,3.375,79.75,0.0,0.0,1.905,12.379,906290.0,0.0,0
2023-08-10 23:00:00,27.075,0.0,4.2,81.5,0.0,0.0,0.54,5.398,856064.0,0.0,0
2023-08-11 00:00:00,26.575,0.0,3.35,85.5,0.0,0.0,0.001,0.676,802435.0,0.0,0
2023-09-21 01:00:00,24.525,0.0,7.3,85.25,0.0,0.0,0.001,108.489,683202.0,0.0,0
2023-09-21 02:00:00,23.95,0.0,7.825,84.0,0.0,0.0,0.0,156.797,638399.0,0.0,0
2023-09-21 03:00:00,23.45,0.0,7.575,81.25,0.0,0.0,0.0,173.349,607997.0,0.0,0
2023-09-21 04:00:00,23.6,0.0,7.625,79.5,0.0,0.0,0.0,185.043,588194.0,0.0,0
2023-09-21 05:00:00,23.325,0.5,7.25,80.5,0.0,0.0,0.015,179.191,583331.0,0.0,0
2023-09-21 06:00:00,23.25,0.0,5.4,79.0,0.0,0.0,3.001,179.657,597658.0,0.0,0
2023-09-21 07:00:00,23.375,0.0,6.525,76.5,0.175,0.025,38.828,155.544,626413.0,0.0,0
2023-09-21 08:00:00,24.025,0.0,5.275,74.25,0.6,0.38,97.792,153.263,676932.0,0.0,0
2023-09-21 09:00:00,24.65,0.0,6.0,72.5,0.55,1.15,195.392,162.326,720322.0,0.0,0
2023-09-21 10:00:00,25.25,0.0,5.875,69.25,0.85,1.74,244.044,130.791,738668.0,3.0,1
2023-09-21 11:00:00,26.05,0.0,5.825,65.75,0.825,2.12,278.867,78.471,743973.0,18.0,1
2023-09-21 12:00:00,26.225,0.0,5.375,62.75,0.875,2.47,239.119,117.491,731484.0,42.0,1
2023-09-21 13:00:00,25.8,0.0,6.35,65.5,0.675,2.17,178.323,133.995,747789.0,21.0,1
2023-09-21 14:00:00,25.3,0.0,5.25,65.75,0.425,2.115,174.798,134.713,782262.0,0.0,0
2023-09-21 15:00:00,25.3,0.0,5.175,67.25,0.625,1.715,127.984,133.958,773951.0,0.0,0
2023-09-21 16:00:00,24.125,0.0,4.45,71.25,0.5,1.23,75.536,120.031,788007.0,0.0,0
2023-09-21 17:00:00,23.65,0.0,4.425,74.0,0.2,0.61,22.289,100.598,801359.0,0.0,0
2023-09-21 18:00:00,23.35,0.0,4.325,76.0,0.075,0.16,3.868,97.134,823618.0,0.0,0
2023-09-21 19:00:00,23.2,0.0,4.025,76.25,0.0,0.015,7.552,86.092,828146.0,0.0,0
2023-09-21 20:00:00,23.1,0.0,3.925,76.5,0.0,0.0,6.629,53.193,826600.0,0.0,0
2023-09-21 21:00:00,22.95,0.0,2.975,77.0,0.0,0.0,3.142,43.179,803490.0,0.0,0
2023-09-21 22:00:00,22.775,0.0,2.875,77.75,0.0,0.0,1.593,63.593,758036.0,0.0,0
2023-09-21 23:00:00,22.775,0.0,3.025,78.0,0.0,0.0,0.264,50.837,725783.0,0.0,0
2023-09-22 00:00:00,22.7,0.0,3.2,78.0,0.0,0.0,0.0,39.873,688198.0,0.0,0
2023-09-23 01:00:00,22.8,0.3,1.85,84.5,0.0,0.0,0.001,17.839,634364.0,0.0,0
2023-09-23 02:00:00,22.825,0.4,2.2,84.75,0.0,0.0,0.001,21.802,596441.0,0.0,0
2023-09-23 03:00:00,22.925,0.0,3.425,82.25,0.0,0.0,0.0,25.763,571671.0,0.0,0
2023-09-23 04:00:00,22.725,0.0,3.225,82.5,0.0,0.0,0.0,34.479,555876.0,0.0,0
2023-09-23 05:00:00,22.675,0.0,3.075,83.75,0.0,0.0,0.012,47.7,550147.0,0.0,0
2023-09-23 06:00:00,22.575,0.0,2.85,82.75,0.0,0.0,2.954,28.0,561823.0,0.0,0
2023-09-23 07:00:00,22.325,0.0,2.5,83.5,0.1,0.03,37.371,17.746,582592.0,0.0,0
2023-09-23 08:00:00,23.45,0.0,2.65,76.75,0.275,0.405,125.408,26.074,601291.0,0.0,0
2023-09-23 09:00:00,24.925,0.0,3.825,67.5,0.675,1.02,177.093,41.102,615865.0,0.0,0
2023-09-23 10:00:00,25.6,0.0,3.75,67.0,0.725,1.755,229.085,56.572,648645.0,0.0,0
2023-09-23 11:00:00,25.9,0.0,4.825,64.0,0.9,2.455,248.579,37.044,652008.0,7.0,1
2023-09-23 12:00:00,25.975,0.0,4.65,61.75,0.875,2.6,173.088,50.341,659929.0,20.0,1
2023-09-23 13:00:00,25.15,0.0,4.4,63.0,0.25,1.17,140.993,66.472,692071.0,3.0,1
2023-09-23 14:00:00,24.7,0.0,4.8,61.5,0.125,1.47,146.901,67.242,690973.0,0.0,0
2023-09-23 15:00:00,24.7,0.0,4.175,62.0,0.225,1.31,86.022,71.506,682009.0,0.0,0
2023-09-23 16:00:00,24.475,0.0,3.875,65.5,0.05,0.72,52.451,76.933,699322.0,0.0,0
2023-09-23 17:00:00,24.35,0.0,3.35,65.75,0.0,0.465,20.247,84.619,718052.0,0.0,0
2023-09-23 18:00:00,23.975,0.0,3.725,65.5,0.0,0.2,4.026,106.532,737215.0,0.0,0
2023-09-23 19:00:00,23.675,0.0,3.8,65.25,0.0,0.02,7.402,103.187,760094.0,0.0,0
2023-09-23 20:00:00,23.75,0.0,3.35,62.5,0.0,0.0,5.62,98.544,764448.0,0.0,0
2023-09-23 21:00:00,23.525,0.0,3.475,68.5,0.0,0.0,2.454,95.165,740896.0,0.0,0
2023-09-23 22:00:00,23.5,0.0,4.2,68.0,0.0,0.0,0.356,110.048,708169.0,0.0,0
2023-09-23 23:00:00,23.4,0.0,3.275,67.0,0.0,0.0,0.002,98.65,681981.0,0.0,0
2023-09-24 00:00:00,23.275,0.0,4.225,67.75,0.0,0.0,0.0,79.296,655875.0,0.0,0
2023-10-01 01:00:00,19.925,0.0,2.625,81.25,0.0,0.0,0.0,97.832,574.953,0.0,0
2023-10-01 02:00:00,20.05,0.0,2.75,81.25,0.0,0.0,0.0,97.879,544.851,0.0,0
2023-10-01 03:00:00,19.825,0.0,3.075,82.25,0.0,0.0,0.0,95.589,522.165,0.0,0
2023-10-01 04:00:00,19.775,0.0,3.0,82.0,0.0,0.0,0.0,88.221,507.333,0.0,0
2023-10-01 05:00:00,19.725,0.0,2.3,82.5,0.0,0.0,0.0,99.708,506.068,0.0,0
2023-10-01 06:00:00,20.075,0.0,2.45,80.25,0.0,0.0,1.2,84.858,517.325,0.0,0
2023-10-01 07:00:00,20.25,0.0,2.4,80.75,0.0,0.005,21.553,97.204,535.139,0.0,0
2023-10-01 08:00:00,21.175,0.0,4.075,71.0,0.0,0.21,80.645,86.963,551.601,0.0,0
2023-10-01 09:00:00,21.95,0.0,3.75,68.5,0.45,0.975,173.168,85.436,557.697,0.0,0
2023-10-01 10:00:00,23.0,0.0,4.125,61.0,0.8,1.66,240.323,46.605,554.649,4.0,1
2023-10-01 11:00:00,23.65,0.0,4.65,56.75,0.825,2.26,290.469,17.075,549.525,0.0,0
2023-10-01 12:00:00,23.875,0.0,4.925,52.0,0.975,2.9,303.687,9.184,531.528,72.0,1
2023-10-01 13:00:00,23.925,0.0,4.925,51.0,0.975,2.895,300.822,10.463,529.898,0.0,0
2023-10-01 14:00:00,24.25,0.0,4.1,51.75,0.975,2.865,275.285,18.736,534.384,0.0,0
2023-10-01 15:00:00,24.25,0.0,4.7,48.75,1.0,2.54,218.731,76.023,541.071,0.0,0
2023-10-01 16:00:00,23.925,0.0,4.475,47.75,0.975,1.885,134.214,84.989,566.221,0.0,0
2023-10-01 17:00:00,23.55,0.0,3.825,44.75,1.0,1.24,40.92,102.005,611.744,0.0,0
2023-10-01 18:00:00,22.275,0.0,3.35,50.5,0.725,0.455,3.394,142.864,662.912,0.0,0
2023-10-01 19:00:00,21.3,0.0,3.875,54.0,0.0,0.01,7.585,135.159,700.958,0.0,0
2023-10-01 20:00:00,20.9,0.0,3.45,59.0,0.0,0.0,6.863,127.884,705.891,0.0,0
2023-10-01 21:00:00,20.675,0.0,3.575,56.25,0.0,0.0,4.188,123.336,690.792,0.0,0
2023-10-01 22:00:00,20.2,0.0,4.6,54.25,0.0,0.0,1.916,115.576,669.883,0.0,0
2023-10-01 23:00:00,19.75,0.0,3.55,55.25,0.0,0.0,0.514,106.183,641.142,0.0,0
2023-10-02 00:00:00,19.625,0.0,3.15,56.0,0.0,0.0,0.0,70.72,612.238,0.0,0
2023-10-02 01:00:00,19.225,0.0,2.425,57.25,0.0,0.0,0.002,51.739,567.41,0.0,0
2023-10-02 02:00:00,19.65,0.0,3.55,52.5,0.0,0.0,0.0,65.754,533.893,0.0,0
2023-10-02 03:00:00,19.375,0.0,3.325,53.75,0.0,0.0,0.0,59.54,512.487,0.0,0
2023-10-02 04:00:00,19.025,0.0,2.85,55.25,0.0,0.0,0.0,56.794,498.092,0.0,0
2023-10-02 05:00:00,18.825,0.0,2.275,56.5,0.0,0.0,0.0,98.698,496.297,0.0,0
2023-10-02 06:00:00,18.45,0.0,2.55,57.75,0.0,0.0,1.171,104.399,506.638,0.0,0
2023-10-02 07:00:00,18.925,0.0,3.5,53.75,0.0,0.03,27.799,74.565,527.853,0.0,0
2023-10-02 08:00:00,19.575,0.0,2.975,51.5,0.025,0.3,109.387,46.284,551.936,0.0,0
2023-10-02 09:00:00,21.8,0.0,3.25,48.5,0.525,1.045,207.888,64.215,545.418,0.0,0
2023-10-02 10:00:00,22.775,0.0,4.1,42.75,0.875,1.775,286.989,53.838,539.295,0.0,0
2023-10-02 11:00:00,23.45,0.0,4.05,39.75,1.0,2.575,322.819,17.791,529.188,15.0,1
2023-10-02 12:00:00,23.65,0.0,4.225,39.75,1.0,2.97,331.215,6.189,522.901,32.0,1
2023-10-02 13:00:00,23.825,0.0,4.225,38.5,1.0,3.07,317.97,9.665,521.575,44.0,1
2023-10-02 14:00:00,23.675,0.0,4.125,38.25,1.0,2.855,267.073,25.423,532.459,30.0,1
2023-10-02 15:00:00,23.475,0.0,4.525,40.25,0.95,2.415,206.089,20.051,553.807,0.0,0
2023-10-02 16:00:00,23.2,0.0,3.525,41.0,0.975,1.69,112.931,15.964,586.33,0.0,0
2023-10-02 17:00:00,22.85,0.0,2.55,40.0,0.875,1.0,32.196,7.556,634.689,0.0,0
2023-10-02 18:00:00,21.175,0.0,1.975,44.0,0.35,0.29,3.355,17.135,677.653,0.0,0
2023-10-02 19:00:00,19.825,0.0,1.55,52.0,0.0,0.005,6.381,16.316,711.657,0.0,0
2023-10-02 20:00:00,19.825,0.0,1.95,47.25,0.0,0.0,5.611,10.622,709.236,0.0,0
2023-10-02 21:00:00,19.525,0.0,1.95,48.25,0.0,0.0,4.0,3.886,690.304,0.0,0
2023-10-02 22:00:00,19.825,0.0,1.525,46.25,0.0,0.0,1.953,3.782,660.603,0.0,0
2023-10-02 23:00:00,19.95,0.0,1.775,48.75,0.0,0.0,0.494,6.225,636.914,0.0,0
2023-10-03 00:00:00,20.2,0.0,1.75,52.75,0.0,0.0,0.0,6.986,606.476,0.0,0
2023-10-04 01:00:00,20.9,0.0,2.1,77.5,0.0,0.0,0.0,10.266,571.203,0.0,0
2023-10-04 02:00:00,20.65,0.0,1.775,73.5,0.0,0.0,0.0,11.231,541.535,0.0,0
2023-10-04 03:00:00,20.175,0.0,2.225,72.25,0.0,0.0,0.0,14.544,519.007,0.0,0
2023-10-04 04:00:00,20.1,0.0,2.25,76.25,0.0,0.0,0.0,9.829,506.815,0.0,0
2023-10-04 05:00:00,19.675,0.0,1.85,74.5,0.0,0.0,0.0,22.553,506.994,0.0,0
2023-10-04 06:00:00,19.375,0.0,2.45,76.5,0.0,0.0,1.099,32.037,521.285,0.0,0
2023-10-04 07:00:00,19.4,0.0,2.325,77.75,0.025,0.01,31.765,32.311,552.686,0.0,0
2023-10-04 08:00:00,20.275,0.0,2.325,75.25,0.375,0.37,118.937,31.304,592.26,0.0,0
2023-10-04 09:00:00,22.575,0.0,2.4,68.0,0.675,1.04,204.639,33.002,613.263,0.0,0
2023-10-04 10:00:00,23.375,0.0,3.25,56.5,0.975,1.93,261.457,21.793,627.971,0.0,0
2023-10-04 11:00:00,23.8,0.0,3.725,53.0,0.975,2.265,274.514,31.045,628.259,0.0,0
2023-10-04 12:00:00,23.975,0.0,3.975,54.5,1.0,2.675,305.434,8.085,619.553,0.0,0
2023-10-04 13:00:00,24.1,0.0,3.775,54.5,1.0,2.925,302.951,4.142,603.247,0.0,0
2023-10-04 14:00:00,24.225,0.0,4.6,52.0,1.0,2.79,275.38,23.233,625.226,0.0,0
2023-10-04 15:00:00,23.95,0.0,4.05,50.25,1.0,2.42,212.721,68.767,636.254,10.0,1
2023-10-04 16:00:00,24.175,0.0,3.875,51.5,1.0,1.83,126.897,67.095,661.293,0.0,0
2023-10-04 17:00:00,23.725,0.0,3.225,53.5,1.0,1.12,36.246,81.299,702.752,0.0,0
2023-10-04 18:00:00,22.5,0.0,2.925,59.5,0.775,0.38,3.058,117.767,738.786,0.0,0
2023-10-04 19:00:00,21.35,0.0,3.075,67.0,0.0,0.005,6.716,105.519,759.502,0.0,0
2023-10-04 20:00:00,21.1,0.0,3.75,71.75,0.0,0.0,6.0,120.182,755.013,0.0,0
2023-10-04 21:00:00,20.7,0.0,3.55,71.25,0.0,0.0,4.281,156.291,731.07,0.0,0
2023-10-04 22:00:00,20.725,0.0,4.025,69.75,0.0,0.0,1.932,108.809,698.176,0.0,0
2023-10-04 23:00:00,20.825,0.0,3.175,67.0,0.0,0.0,0.476,66.368,673.185,0.0,0
2023-10-05 00:00:00,20.75,0.0,3.6,68.5,0.0,0.0,0.0,62.518,637.263,0.0,0
2023-10-05 01:00:00,21.0,0.0,4.0,71.25,0.0,0.0,0.002,87.6,591.974,0.0,0
2023-10-05 02:00:00,21.35,0.0,5.7,71.25,0.0,0.0,0.0,138.674,555.142,0.0,0
2023-10-05 03:00:00,21.3,0.0,5.15,63.75,0.0,0.0,0.001,154.897,538.723,0.0,0
2023-10-05 04:00:00,20.95,0.0,5.05,59.5,0.0,0.0,0.0,150.339,525.684,0.0,0
2023-10-05 05:00:00,20.55,0.0,5.325,52.25,0.0,0.0,0.001,186.884,524.429,0.0,0
2023-10-05 06:00:00,19.975,0.0,5.675,49.0,0.0,0.0,0.266,194.232,532.895,0.0,0
2023-10-05 07:00:00,19.425,0.0,5.75,45.0,0.0,0.0,12.08,190.746,564.172,0.0,0
2023-10-05 08:00:00,19.05,0.0,5.675,46.25,0.0,0.135,74.33,193.625,611.212,0.0,0
2023-10-05 09:00:00,19.625,0.0,5.325,45.25,0.125,0.61,114.798,170.893,633.715,0.0,0
2023-10-05 10:00:00,19.95,0.0,5.075,43.75,0.25,1.31,238.348,71.039,649.371,0.0,0
2023-10-05 11:00:00,20.925,0.0,5.775,43.25,0.75,2.28,278.128,21.224,607.593,112.0,1
2023-10-05 12:00:00,21.15,0.0,5.925,43.5,1.0,2.87,267.485,21.581,577.289,159.0,1
2023-10-05 13:00:00,21.375,0.0,5.55,42.5,1.0,2.99,258.006,20.864,571.594,159.0,1
2023-10-05 14:00:00,21.35,0.0,6.125,43.0,1.0,2.83,246.127,46.924,591.778,159.0,1
2023-10-05 15:00:00,21.325,0.0,6.125,45.5,1.0,2.465,215.428,98.653,601.695,0.0,0
2023-10-05 16:00:00,21.025,0.0,5.425,45.0,1.0,1.865,128.622,166.189,620.582,65.0,1
2023-10-05 17:00:00,20.4,0.0,4.7,47.25,1.0,1.13,36.489,187.911,666.602,1.0,1
2023-10-05 18:00:00,19.225,0.0,4.3,50.5,0.75,0.355,3.487,204.114,708.999,0.0,0
2023-10-05 19:00:00,18.5,0.0,4.6,50.75,0.0,0.01,6.634,217.607,734.938,0.0,0
2023-10-05 20:00:00,18.45,0.0,4.35,54.0,0.0,0.0,5.646,204.289,732.578,0.0,0
2023-10-05 21:00:00,17.725,0.0,4.575,58.0,0.0,0.0,3.974,175.401,713.578,0.0,0
2023-10-05 22:00:00,17.475,0.0,4.2,57.75,0.0,0.0,1.947,154.344,683.076,0.0,0
2023-10-05 23:00:00,17.15,0.0,3.475,57.75,0.0,0.0,0.474,151.98,657.779,0.0,0
2023-10-06 00:00:00,16.925,0.0,2.95,60.75,0.0,0.0,0.001,136.059,623.813,0.0,0
2023-10-06 01:00:00,16.675,0.0,3.0,62.25,0.0,0.0,0.002,129.615,580.254,0.0,0
2023-10-06 02:00:00,16.85,0.0,2.5,63.75,0.0,0.0,0.0,127.579,546.409,0.0,0
2023-10-06 03:00:00,16.975,0.0,2.95,64.5,0.0,0.0,0.001,116.448,529.369,0.0,0
2023-10-06 04:00:00,16.825,0.0,3.525,65.25,0.0,0.0,0.0,102.747,515.519,0.0,0
2023-10-06 05:00:00,16.875,0.0,2.85,66.0,0.0,0.0,0.0,108.235,516.143,0.0,0
2023-10-06 06:00:00,16.975,0.0,3.7,66.5,0.0,0.0,1.789,118.541,527.381,0.0,0
2023-10-06 07:00:00,17.15,0.0,3.3,65.25,0.025,0.005,20.324,135.739,554.926,0.0,0
2023-10-06 08:00:00,17.775,0.0,2.725,60.0,0.025,0.215,95.959,122.863,603.757,0.0,0
2023-10-06 09:00:00,19.325,0.0,2.95,53.75,0.375,0.785,110.771,90.014,621.289,0.0,0
2023-10-06 10:00:00,19.775,0.0,3.675,53.5,0.1,0.965,236.376,56.014,654.97,0.0,0
2023-10-06 11:00:00,20.7,0.0,4.4,49.25,0.65,2.23,182.53,64.549,606.049,30.0,1
2023-10-06 12:00:00,20.5,0.0,4.225,48.5,0.2,1.83,207.579,39.336,636.848,0.0,0
2023-10-06 13:00:00,20.675,0.0,3.75,44.25,0.25,1.82,224.58,28.078,612.402,1.0,1
2023-10-06 14:00:00,20.85,0.0,3.15,44.5,0.475,1.9,103.491,25.156,629.805,26.0,1
2023-10-06 15:00:00,20.2,0.0,3.525,46.5,0.0,0.915,76.872,22.428,680.183,0.0,0
2023-10-06 16:00:00,20.1,0.0,3.3,48.75,0.05,0.675,57.245,16.532,681.045,0.0,0
2023-10-06 17:00:00,19.675,0.0,3.175,50.5,0.05,0.41,17.261,30.439,692.048,0.0,0
2023-10-06 18:00:00,19.075,0.0,2.025,54.25,0.0,0.115,3.221,70.138,706.322,0.0,0
2023-10-06 19:00:00,18.9,0.0,2.35,57.25,0.0,0.0,7.231,84.936,729.669,0.0,0
2023-10-06 20:00:00,18.675,0.0,2.475,58.25,0.0,0.0,5.273,48.492,726.364,0.0,0
2023-10-06 21:00:00,18.775,0.0,2.125,57.5,0.0,0.0,2.744,69.337,705.523,0.0,0
2023-10-06 22:00:00,18.925,0.0,2.9,62.0,0.0,0.0,0.271,59.82,678.845,0.0,0
2023-10-06 23:00:00,18.65,0.0,2.4,62.0,0.0,0.0,0.001,48.388,656.81,0.0,0
2023-10-07 00:00:00,18.775,0.0,2.525,62.0,0.0,0.0,0.0,37.335,626.674,0.0,0
2023-10-09 01:00:00,19.925,0.0,3.75,70.25,0.0,0.0,0.001,49.729,578.272,0.0,0
2023-10-09 02:00:00,19.775,0.0,3.975,73.0,0.0,0.0,0.0,43.379,546.085,0.0,0
2023-10-09 03:00:00,19.25,0.0,2.55,71.5,0.0,0.0,0.0,37.846,526.947,0.0,0
2023-10-09 04:00:00,19.375,0.0,3.05,74.75,0.0,0.0,0.0,39.194,514.844,0.0,0
2023-10-09 05:00:00,19.625,0.0,3.8,76.25,0.0,0.0,0.0,50.027,514.072,0.0,0
2023-10-09 06:00:00,19.375,0.0,3.5,76.25,0.0,0.0,1.072,42.792,526.984,0.0,0
2023-10-09 07:00:00,19.325,0.0,3.75,76.75,0.05,0.015,38.02,34.579,548.475,0.0,0
2023-10-09 08:00:00,20.15,0.0,3.55,73.75,0.375,0.295,100.525,31.961,565.457,0.0,0
2023-10-09 09:00:00,20.95,0.0,3.8,69.5,0.4,0.78,175.625,34.224,579.532,0.0,0
2023-10-09 10:00:00,21.9,0.0,3.7,65.75,0.675,1.56,215.166,38.989,571.607,0.0,0
2023-10-09 11:00:00,22.225,0.0,4.475,66.25,0.825,2.115,178.118,24.641,577.045,8.0,1
2023-10-09 12:00:00,22.8,0.0,3.425,64.5,0.525,1.86,150.319,23.935,601.063,0.0,0
2023-10-09 13:00:00,22.05,0.0,4.35,67.0,0.225,1.74,144.102,36.879,616.513,0.0,0
2023-10-09 14:00:00,22.45,0.0,3.075,64.5,0.15,1.515,182.611,35.707,623.747,0.0,0
2023-10-09 15:00:00,22.75,0.0,4.5,61.25,0.575,1.915,99.022,34.646,596.37,0.0,0
2023-10-09 16:00:00,21.875,0.0,4.1,64.25,0.125,0.99,32.792,34.449,642.362,0.0,0
2023-10-09 17:00:00,21.45,0.0,2.975,68.25,0.0,0.39,9.773,38.14,676.441,0.0,0
2023-10-09 18:00:00,20.975,0.0,3.2,71.0,0.0,0.13,3.166,77.869,700.701,0.0,0
2023-10-09 19:00:00,20.6,0.0,2.95,73.25,0.0,0.01,7.163,69.859,728.587,0.0,0
2023-10-09 20:00:00,20.25,0.0,3.25,75.5,0.0,0.0,4.965,51.46,730.51,0.0,0
2023-10-09 21:00:00,20.025,0.0,3.75,75.5,0.0,0.0,2.289,43.935,711.03,0.0,0
2023-10-09 22:00:00,19.525,0.0,3.15,79.75,0.0,0.0,0.485,40.266,682.156,0.0,0
2023-10-09 23:00:00,19.3,0.0,2.275,79.25,0.0,0.0,0.0,73.153,650.439,0.0,0
2023-10-10 00:00:00,19.15,0.0,3.025,79.75,0.0,0.0,0.001,64.515,622.696,0.0,0
2023-10-10 01:00:00,19.475,0.0,3.15,76.25,0.0,0.0,0.001,47.658,577.964,0.0,0
2023-10-10 02:00:00,19.575,0.0,3.55,74.0,0.0,0.0,0.0,53.712,548.326,0.0,0
2023-10-10 03:00:00,19.4,0.0,3.375,73.5,0.0,0.0,0.0,89.353,528.384,0.0,0
2023-10-10 04:00:00,19.35,0.0,5.075,70.5,0.0,0.0,0.0,103.54,513.754,0.0,0
2023-10-10 05:00:00,18.875,0.0,4.15,68.5,0.0,0.0,0.0,123.226,515.092,0.0,0
2023-10-10 06:00:00,18.775,0.0,4.125,64.0,0.0,0.0,1.117,109.094,533.752,0.0,0
2023-10-10 07:00:00,18.3,0.0,3.975,65.5,0.0,0.035,44.093,107.54,563.763,0.0,0
2023-10-10 08:00:00,19.375,0.0,3.75,61.5,0.9,0.485,129.571,108.41,593.153,0.0,0
2023-10-10 09:00:00,20.625,0.0,4.675,55.75,0.95,1.13,216.628,79.49,606.231,0.0,0
2023-10-10 10:00:00,21.15,0.0,4.425,53.5,0.975,1.77,283.873,20.634,609.324,43.0,1
2023-10-10 11:00:00,21.575,0.0,4.775,51.25,1.0,2.48,296.145,16.67,592.639,0.0,0
2023-10-10 12:00:00,21.575,0.0,4.9,51.25,0.95,2.69,289.404,14.124,589.3,94.0,1
2023-10-10 13:00:00,21.85,0.0,3.825,55.0,0.975,2.835,276.735,25.652,576.998,94.0,1
2023-10-10 14:00:00,22.275,0.0,3.9,52.0,0.975,2.645,199.577,63.165,596.451,0.0,0
2023-10-10 15:00:00,21.9,0.0,3.125,53.5,0.85,2.225,121.129,72.348,637.213,0.0,0
2023-10-10 16:00:00,21.55,0.0,3.2,55.0,0.35,1.15,59.217,52.297,669.787,0.0,0
2023-10-10 17:00:00,20.75,0.0,3.075,58.5,0.125,0.555,14.304,55.155,702.318,0.0,0
2023-10-10 18:00:00,20.075,0.0,3.2,60.5,0.0,0.14,3.145,73.403,728.471,0.0,0
2023-10-10 19:00:00,19.575,0.0,2.575,61.0,0.0,0.01,7.66,60.497,748.047,0.0,0
2023-10-10 20:00:00,19.35,0.0,3.425,65.0,0.0,0.0,6.636,45.069,739.369,0.0,0
2023-10-10 21:00:00,19.25,0.0,2.05,63.5,0.0,0.0,4.226,26.787,721.232,0.0,0
2023-10-10 22:00:00,19.225,0.0,2.2,64.75,0.0,0.0,1.834,17.994,690.346,0.0,0
2023-10-10 23:00:00,19.05,0.0,2.225,66.75,0.0,0.0,0.472,14.203,660.072,0.0,0
2023-10-11 00:00:00,19.1,0.0,2.2,69.0,0.0,0.0,0.0,12.088,633.338,0.0,0
2023-10-11 01:00:00,18.975,0.0,2.15,70.0,0.0,0.0,0.001,9.598,587.807,0.0,0
2023-10-11 02:00:00,18.775,0.0,2.0,71.0,0.0,0.0,0.0,15.368,556.643,0.0,0
2023-10-11 03:00:00,18.525,0.0,2.25,73.5,0.0,0.0,0.001,17.938,534.571,0.0,0
2023-10-11 04:00:00,18.45,0.0,2.075,74.25,0.0,0.0,0.001,18.146,522.464,0.0,0
2023-10-11 05:00:00,18.475,0.0,2.55,74.5,0.0,0.0,0.0,40.148,522.048,0.0,0
2023-10-11 06:00:00,18.725,0.0,3.1,74.25,0.0,0.0,0.375,35.524,537.717,0.0,0
2023-10-11 07:00:00,18.725,0.0,3.2,74.5,0.0,0.01,31.787,31.637,571.283,0.0,0
2023-10-11 08:00:00,19.9,0.0,3.225,71.25,0.525,0.445,113.966,30.912,605.26,0.0,0
2023-10-11 09:00:00,21.55,0.0,3.675,66.25,0.8,1.225,168.817,49.015,625.51,0.0,0
2023-10-11 10:00:00,21.825,0.0,4.7,64.25,0.55,1.295,225.986,67.669,638.521,0.0,0
2023-10-11 11:00:00,22.6,0.0,4.85,61.5,0.65,1.92,251.218,32.195,623.521,1.0,1
2023-10-11 12:00:00,23.0,0.0,4.475,61.0,0.85,2.555,235.916,36.636,616.858,29.0,1
2023-10-11 13:00:00,23.175,0.0,4.75,61.25,0.7,2.39,217.616,59.168,610.081,17.0,1
2023-10-11 14:00:00,23.525,0.0,5.15,57.75,0.8,2.57,187.128,59.319,634.006,0.0,0
2023-10-11 15:00:00,23.45,0.0,4.65,58.5,0.9,2.32,143.735,60.097,653.673,0.0,0
2023-10-11 16:00:00,22.8,0.0,4.225,56.25,0.55,1.17,90.719,51.287,671.823,0.0,0
2023-10-11 17:00:00,22.275,0.0,3.525,56.0,0.9,0.845,24.369,38.786,697.796,0.0,0
2023-10-11 18:00:00,21.075,0.0,2.95,56.0,0.6,0.235,3.224,42.018,730.628,0.0,0
2023-10-11 19:00:00,20.25,0.0,2.35,57.75,0.0,0.0,7.75,32.469,757.11,0.0,0
2023-10-11 20:00:00,19.85,0.0,2.0,57.25,0.0,0.0,6.461,27.269,748.647,0.0,0
2023-10-11 21:00:00,19.7,0.0,2.15,57.0,0.0,0.0,3.933,21.226,727.526,0.0,0
2023-10-11 22:00:00,18.875,0.0,2.425,58.5,0.0,0.0,1.618,16.6,694.899,0.0,0
2023-10-11 23:00:00,18.55,0.0,2.275,60.0,0.0,0.0,0.482,16.853,666.947,0.0,0
2023-10-12 00:00:00,18.725,0.0,2.275,58.5,0.0,0.0,0.0,16.508,636.613,0.0,0
2023-10-12 01:00:00,18.475,0.0,2.4,59.0,0.0,0.0,0.0,13.902,594.816,0.0,0
2023-10-12 02:00:00,18.1,0.0,2.45,61.25,0.0,0.0,0.0,16.946,562.939,0.0,0
2023-10-12 03:00:00,18.025,0.0,2.6,61.5,0.0,0.0,0.001,22.617,539.289,0.0,0
2023-10-12 04:00:00,17.425,0.0,2.275,65.0,0.0,0.0,0.0,25.352,525.145,0.0,0
2023-10-12 05:00:00,17.55,0.0,3.075,64.75,0.0,0.0,0.0,29.891,525.089,0.0,0
2023-10-12 06:00:00,17.525,0.0,2.5,64.5,0.0,0.0,1.103,29.445,539.417,0.0,0
2023-10-12 07:00:00,17.375,0.0,2.825,63.25,0.05,0.005,41.232,29.082,573.559,0.0,0
2023-10-12 08:00:00,19.0,0.0,2.775,64.5,0.9,0.4,137.131,23.481,601.533,0.0,0
2023-10-12 09:00:00,21.175,0.0,3.6,57.25,1.0,1.15,213.936,30.271,609.281,0.0,0
2023-10-12 10:00:00,22.225,0.0,3.925,54.0,0.975,1.845,253.729,36.821,610.396,0.0,0
2023-10-12 11:00:00,22.725,0.0,4.325,52.0,0.95,2.17,282.304,31.569,608.455,0.0,0
2023-10-12 12:00:00,22.875,0.0,4.425,50.75,1.0,2.63,296.83,7.954,599.254,13.0,1
2023-10-12 13:00:00,22.775,0.0,4.5,51.25,0.875,2.13,288.466,19.277,586.23,42.0,1
2023-10-12 14:00:00,22.925,0.0,4.725,48.0,0.95,2.425,256.145,27.058,599.967,17.0,1
2023-10-12 15:00:00,22.75,0.0,4.3,45.25,1.0,2.29,198.788,35.023,616.684,2.0,1
2023-10-12 16:00:00,22.45,0.0,4.275,43.25,1.0,1.685,114.177,35.522,638.874,0.0,0
2023-10-12 17:00:00,21.675,0.0,3.85,46.25,1.0,0.98,24.59,27.299,681.053,0.0,0
2023-10-12 18:00:00,20.35,0.0,3.35,52.5,0.5,0.22,3.187,45.313,725.107,0.0,0
2023-10-12 19:00:00,19.525,0.0,3.175,54.75,0.0,0.0,7.721,41.505,750.934,0.0,0
2023-10-12 20:00:00,19.625,0.0,3.05,51.75,0.0,0.0,6.633,31.551,744.525,0.0,0
2023-10-12 21:00:00,18.75,0.0,2.525,57.25,0.0,0.0,3.941,24.255,724.94,0.0,0
2023-10-12 22:00:00,19.15,0.0,2.425,54.75,0.0,0.0,1.679,18.544,693.301,0.0,0
2023-10-12 23:00:00,19.175,0.0,2.325,56.5,0.0,0.0,0.527,20.015,666.985,0.0,0
2023-10-13 00:00:00,18.4,0.0,1.875,63.0,0.0,0.0,0.0,21.85,638.978,0.0,0
2023-10-14 01:00:00,18.625,0.0,2.175,69.25,0.0,0.0,0.001,2.798,601.003,0.0,0
2023-10-14 02:00:00,18.7,0.0,2.075,69.75,0.0,0.0,0.0,1.765,566.527,0.0,0
2023-10-14 03:00:00,18.6,0.0,2.35,71.0,0.0,0.0,0.0,1.199,542.354,0.0,0
2023-10-14 04:00:00,18.55,0.0,2.0,70.25,0.0,0.0,0.0,2.046,527.245,0.0,0
2023-10-14 05:00:00,18.5,0.0,1.825,69.5,0.0,0.0,0.001,5.748,525.532,0.0,0
2023-10-14 06:00:00,18.4,0.0,1.7,69.75,0.0,0.0,0.724,7.568,538.289,0.0,0
2023-10-14 07:00:00,18.025,0.0,1.825,72.25,0.0,0.0,35.885,7.358,559.974,0.0,0
2023-10-14 08:00:00,18.95,0.0,1.8,69.5,0.775,0.345,129.544,2.858,572.719,0.0,0
2023-10-14 09:00:00,21.275,0.0,2.875,62.25,0.975,1.0,209.691,6.805,567.243,0.0,0
2023-10-14 10:00:00,22.575,0.0,3.7,52.25,0.925,1.585,253.807,16.766,561.723,0.0,0
2023-10-14 11:00:00,23.225,0.0,4.5,52.75,1.0,2.28,276.116,9.343,556.859,0.0,0
2023-10-14 12:00:00,23.575,0.0,2.625,48.0,0.95,2.475,232.064,7.19,556.152,22.0,1
2023-10-14 13:00:00,23.95,0.0,3.725,49.5,0.825,2.335,204.299,17.202,576.013,22.0,1
2023-10-14 14:00:00,23.65,0.0,4.65,48.5,0.675,2.165,201.447,63.719,576.817,0.0,0
2023-10-14 15:00:00,23.15,0.0,5.25,46.25,0.8,1.86,147.402,79.36,587.316,0.0,0
2023-10-14 16:00:00,22.5,0.0,4.425,54.0,0.825,1.335,80.965,54.077,612.467,0.0,0
2023-10-14 17:00:00,21.675,0.0,4.525,53.0,0.825,0.735,21.837,34.609,641.36,0.0,0
2023-10-14 18:00:00,20.125,0.0,4.825,54.75,0.575,0.19,3.165,45.207,685.567,0.0,0
2023-10-14 19:00:00,19.325,0.0,4.5,61.5,0.0,0.0,7.705,54.866,717.18,0.0,0
2023-10-14 20:00:00,19.05,0.0,4.375,58.0,0.0,0.0,6.565,66.573,715.063,0.0,0
2023-10-14 21:00:00,18.975,0.0,5.375,63.0,0.0,0.0,4.085,74.219,699.681,0.0,0
2023-10-14 22:00:00,17.4,1.833,3.8,74.75,0.0,0.0,1.616,71.187,680.41,0.0,0
2023-10-14 23:00:00,17.575,0.05,5.325,70.5,0.0,0.0,0.076,84.938,647.893,0.0,0
2023-10-15 00:00:00,17.6,0.5,5.175,70.5,0.0,0.0,0.0,82.811,629.232,0.0,0
2023-10-15 01:00:00,17.875,0.0,5.525,69.5,0.0,0.0,0.001,83.298,590.507,0.0,0
2023-10-15 02:00:00,17.975,0.0,5.4,70.0,0.0,0.0,0.0,79.292,557.011,0.0,0
2023-10-15 03:00:00,17.625,0.0,4.975,70.5,0.0,0.0,0.001,68.057,537.275,0.0,0
2023-10-15 04:00:00,17.7,0.0,4.675,67.25,0.0,0.0,0.0,64.039,523.619,0.0,0
2023-10-15 05:00:00,17.425,0.0,4.25,68.25,0.0,0.0,0.0,87.097,520.524,0.0,0
2023-10-15 06:00:00,17.1,0.0,4.55,69.0,0.0,0.0,0.679,67.472,533.231,0.0,0
2023-10-15 07:00:00,17.275,0.0,4.625,69.0,0.025,0.015,31.448,51.155,552.274,0.0,0
2023-10-15 08:00:00,18.575,0.0,4.725,67.0,0.575,0.26,111.543,49.57,560.141,0.0,0
2023-10-15 09:00:00,20.45,0.0,4.175,61.5,0.775,0.85,182.166,55.782,552.325,0.0,0
2023-10-15 10:00:00,21.425,0.0,4.9,56.5,0.9,1.595,230.199,18.935,544.825,12.0,1
2023-10-15 11:00:00,22.1,0.0,5.275,53.5,0.85,2.045,240.628,11.074,544.852,55.0,1
2023-10-15 12:00:00,22.575,0.0,5.95,49.75,0.925,2.43,231.007,11.082,536.221,61.0,1
2023-10-15 13:00:00,22.675,0.0,5.65,50.25,0.9,2.375,229.609,12.998,536.626,61.0,1
2023-10-15 14:00:00,22.55,0.0,5.8,50.5,0.85,2.1,209.628,15.977,540.366,61.0,1
2023-10-15 15:00:00,22.15,0.0,5.85,51.75,0.8,1.695,164.036,69.644,550.102,52.0,1
2023-10-15 16:00:00,21.875,0.0,5.475,51.75,0.85,1.44,89.655,104.653,574.88,15.0,1
2023-10-15 17:00:00,20.925,0.0,5.525,56.0,0.725,0.71,18.242,88.366,621.65,0.0,0
2023-10-15 18:00:00,19.95,0.0,4.75,58.0,0.325,0.16,3.043,112.606,673.405,0.0,0
2023-10-15 19:00:00,19.375,0.0,4.825,58.25,0.0,0.005,7.703,107.344,710.236,0.0,0
2023-10-15 20:00:00,18.975,0.0,4.325,59.0,0.0,0.0,6.629,82.379,707.838,0.0,0
2023-10-15 21:00:00,18.375,0.0,3.95,60.5,0.0,0.0,3.856,52.815,692.461,0.0,0
2023-10-15 22:00:00,17.925,0.0,3.875,62.75,0.0,0.0,1.718,34.611,666.275,0.0,0
2023-10-15 23:00:00,17.75,0.0,3.775,62.5,0.0,0.0,0.311,29.997,641.696,0.0,0
2023-10-16 00:00:00,17.05,0.0,4.075,63.25,0.0,0.0,0.0,28.907,613.949,0.0,0
2023-10-16 01:00:00,17.1,0.0,3.825,60.5,0.0,0.0,0.001,33.418,572.681,0.0,0
2023-10-16 02:00:00,16.6,0.0,4.35,61.75,0.0,0.0,0.0,33.071,541.788,0.0,0
2023-10-16 03:00:00,16.675,0.0,4.275,62.75,0.0,0.0,0.001,33.056,516.536,0.0,0
2023-10-16 04:00:00,16.325,0.0,2.825,64.5,0.0,0.0,0.0,52.389,512.264,0.0,0
2023-10-16 05:00:00,15.9,0.0,3.85,66.75,0.0,0.0,0.0,95.81,511.427,0.0,0
2023-10-16 06:00:00,16.45,0.0,3.825,63.75,0.0,0.0,0.675,106.515,529.645,0.0,0
2023-10-16 07:00:00,16.4,0.0,3.325,64.75,0.025,0.03,34.73,103.288,564.041,0.0,0
2023-10-16 08:00:00,18.175,0.0,4.0,62.25,0.7,0.34,115.365,59.334,598.226,0.0,0
2023-10-16 09:00:00,20.75,0.0,4.475,56.25,0.825,0.9,185.903,70.38,613.494,0.0,0
2023-10-16 10:00:00,21.575,0.0,4.35,58.75,0.925,1.555,215.953,80.722,619.571,0.0,0
2023-10-16 11:00:00,22.2,0.0,5.475,57.25,0.8,1.9,245.67,81.258,622.78,0.0,0
2023-10-16 12:00:00,22.475,0.0,5.6,55.25,0.8,2.025,266.346,38.236,613.902,23.0,1
2023-10-16 13:00:00,22.525,0.0,5.525,54.5,0.85,2.26,268.955,43.068,589.533,79.0,1
2023-10-16 14:00:00,22.175,0.0,6.25,53.25,0.825,2.16,226.65,95.865,599.592,82.0,1
2023-10-16 15:00:00,21.55,0.0,6.3,53.75,0.875,1.895,169.384,136.638,618.709,24.0,1
2023-10-16 16:00:00,20.7,0.0,6.4,54.0,0.775,1.265,92.001,149.342,641.629,0.0,0
2023-10-16 17:00:00,19.875,0.0,5.65,55.75,0.675,0.63,19.323,140.368,678.451,0.0,0
2023-10-16 18:00:00,18.35,0.0,5.15,56.75,0.375,0.16,3.149,159.842,719.222,0.0,0
2023-10-16 19:00:00,17.55,0.0,4.225,60.75,0.0,0.0,7.622,163.658,740.029,0.0,0
2023-10-16 20:00:00,17.375,0.0,5.475,61.25,0.0,0.0,6.528,154.567,733.823,0.0,0
2023-10-16 21:00:00,16.975,0.0,4.475,62.5,0.0,0.0,4.032,167.183,713.918,0.0,0
2023-10-16 22:00:00,16.875,0.0,4.475,62.75,0.0,0.0,1.63,164.23,684.188,0.0,0
2023-10-16 23:00:00,16.475,0.0,5.6,63.75,0.0,0.0,0.082,156.371,660.004,0.0,0
2023-10-17 00:00:00,16.275,0.0,4.5,64.0,0.0,0.0,0.0,132.961,629.486,0.0,0
2023-10-17 01:00:00,16.225,0.0,4.825,64.25,0.0,0.0,0.001,124.713,588.464,0.0,0
2023-10-17 02:00:00,16.075,0.0,5.275,65.25,0.0,0.0,0.0,134.13,555.5,0.0,0
2023-10-17 03:00:00,15.9,0.0,4.275,66.25,0.0,0.0,0.0,133.526,534.635,0.0,0
2023-10-17 04:00:00,15.7,0.0,3.4,67.0,0.0,0.0,0.0,124.839,524.339,0.0,0
2023-10-17 05:00:00,15.725,0.0,3.475,67.0,0.0,0.0,0.0,146.862,523.153,0.0,0
2023-10-17 06:00:00,15.65,0.0,3.325,68.0,0.0,0.0,0.811,124.04,535.383,0.0,0
2023-10-17 07:00:00,15.525,0.0,3.825,69.25,0.025,0.005,40.338,101.222,571.973,0.0,0
2023-10-17 08:00:00,16.95,0.0,3.775,65.25,0.825,0.385,139.582,135.209,602.138,0.0,0
2023-10-17 09:00:00,18.55,0.0,4.025,60.5,0.975,1.1,228.018,92.842,605.926,0.0,0
2023-10-17 10:00:00,19.55,0.0,4.25,57.0,0.975,1.8,282.48,26.722,597.31,73.0,1
2023-10-17 11:00:00,20.1,0.0,4.05,55.5,1.0,2.385,299.969,9.983,581.668,0.0,0
2023-10-17 12:00:00,20.45,0.0,4.475,53.25,1.0,2.705,289.341,6.816,568.958,146.0,1
2023-10-17 13:00:00,20.975,0.0,4.575,53.25,1.0,2.785,282.878,8.428,559.453,148.0,1
2023-10-17 14:00:00,21.3,0.0,3.85,53.75,1.0,2.615,269.282,22.246,577.791,143.0,1
2023-10-17 15:00:00,21.3,0.0,3.775,52.5,1.0,2.23,203.985,46.988,589.56,0.0,0
2023-10-17 16:00:00,21.125,0.0,3.175,53.5,1.0,1.625,110.601,46.055,623.176,0.0,0
2023-10-17 17:00:00,20.5,0.0,3.225,57.5,0.95,0.895,21.745,49.433,668.908,0.0,0
2023-10-17 18:00:00,18.95,0.0,3.325,61.75,0.675,0.21,3.071,60.539,714.591,0.0,0
2023-10-17 19:00:00,18.075,0.0,3.8,66.25,0.0,0.0,7.486,56.486,738.763,0.0,0
2023-10-17 20:00:00,17.475,0.0,3.3,67.25,0.0,0.0,6.624,43.577,733.168,0.0,0
2023-10-17 21:00:00,16.85,0.0,2.4,69.75,0.0,0.0,4.033,37.156,714.45,0.0,0
2023-10-17 22:00:00,16.425,0.0,2.775,70.0,0.0,0.0,1.713,27.737,684.632,0.0,0
2023-10-17 23:00:00,15.925,0.0,2.825,72.75,0.0,0.0,0.363,16.517,658.437,0.0,0
2023-10-18 00:00:00,15.65,0.0,3.125,74.75,0.0,0.0,0.0,13.537,630.057,0.0,0
2023-10-20 01:00:00,19.9,0.9,4.5,85.75,0.0,0.0,0.001,69.206,596.57,0.0,0
2023-10-20 02:00:00,18.625,3.967,6.0,84.0,0.0,0.0,0.001,129.707,560.56,0.0,0
2023-10-20 03:00:00,17.6,0.7,4.25,75.5,0.0,0.0,0.001,144.746,543.706,0.0,0
2023-10-20 04:00:00,17.375,0.0,5.5,70.75,0.0,0.0,0.0,185.006,521.878,0.0,0
2023-10-20 05:00:00,16.9,0.0,5.425,70.25,0.0,0.0,0.0,218.545,521.191,0.0,0
2023-10-20 06:00:00,16.55,0.0,5.825,76.0,0.0,0.0,0.02,219.57,540.268,0.0,0
2023-10-20 07:00:00,16.4,0.0,4.65,72.75,0.0,0.0,3.56,181.352,575.514,0.0,0
2023-10-20 08:00:00,16.325,0.0,5.325,73.0,0.0,0.075,25.333,201.892,627.073,0.0,0
2023-10-20 09:00:00,16.15,0.0,5.225,69.25,0.025,0.355,59.61,221.455,663.303,0.0,0
2023-10-20 10:00:00,16.3,0.0,5.125,66.5,0.1,0.85,67.49,187.428,679.374,0.0,0
2023-10-20 11:00:00,16.425,0.0,5.325,55.25,0.025,0.835,102.414,174.537,686.549,0.0,0
2023-10-20 12:00:00,17.175,0.0,4.125,52.0,0.05,1.29,180.678,166.126,658.426,0.0,0
2023-10-20 13:00:00,18.225,0.0,5.2,50.75,0.55,2.32,270.457,88.486,596.286,16.0,1
2023-10-20 14:00:00,18.725,0.0,6.5,44.0,0.85,2.56,246.683,113.122,580.856,108.0,1
2023-10-20 15:00:00,18.55,0.0,6.1,44.0,0.85,2.04,180.952,177.395,582.299,87.0,1
2023-10-20 16:00:00,18.0,0.0,6.525,43.5,0.825,1.355,83.903,209.753,618.935,19.0,1
2023-10-20 17:00:00,17.125,0.0,6.3,44.75,0.6,0.65,14.417,203.459,670.26,0.0,0
2023-10-20 18:00:00,16.175,0.0,7.175,46.5,0.175,0.085,3.128,194.646,712.778,0.0,0
2023-10-20 19:00:00,15.625,0.0,5.325,48.75,0.0,0.0,7.546,199.864,729.634,0.0,0
2023-10-20 20:00:00,15.375,0.0,6.125,47.75,0.0,0.0,6.123,186.469,722.444,0.0,0
2023-10-20 21:00:00,15.2,0.0,6.775,51.25,0.0,0.0,2.967,185.578,701.958,0.0,0
2023-10-20 22:00:00,14.95,0.0,6.125,50.0,0.0,0.0,0.918,195.215,683.055,0.0,0
2023-10-20 23:00:00,14.7,0.0,6.75,51.5,0.0,0.0,0.0,189.929,651.072,0.0,0
2023-10-21 00:00:00,14.525,0.0,6.05,50.75,0.0,0.0,0.0,171.043,638.87,0.0,0
2023-10-21 01:00:00,14.575,0.0,6.075,50.25,0.0,0.0,0.001,150.671,597.125,0.0,0
2023-10-21 02:00:00,14.85,0.0,4.975,53.5,0.0,0.0,0.0,150.252,564.493,0.0,0
2023-10-21 03:00:00,15.05,0.0,4.725,53.25,0.0,0.0,0.0,138.308,543.072,0.0,0
2023-10-21 04:00:00,15.075,0.0,4.625,54.0,0.0,0.0,0.0,135.422,526.014,0.0,0
2023-10-21 05:00:00,14.9,0.0,5.075,56.25,0.0,0.0,0.0,132.261,525.554,0.0,0
2023-10-21 06:00:00,14.65,0.0,4.45,56.5,0.0,0.0,0.596,117.746,539.119,0.0,0
2023-10-21 07:00:00,14.45,0.0,4.15,57.5,0.0,0.005,36.055,95.395,561.009,0.0,0
2023-10-21 08:00:00,14.95,0.0,3.675,55.0,0.7,0.365,135.77,72.375,573.621,0.0,0
2023-10-21 09:00:00,16.2,0.0,3.825,50.0,0.9,0.985,229.715,57.726,563.044,0.0,0
2023-10-21 10:00:00,16.95,0.0,3.125,43.5,1.0,1.805,290.248,30.251,540.165,0.0,0
2023-10-21 11:00:00,17.55,0.0,2.775,43.0,1.0,2.395,317.551,7.407,524.441,0.0,0
2023-10-21 12:00:00,17.9,0.0,3.2,41.0,1.0,2.72,314.472,7.226,509.739,19.0,1
2023-10-21 13:00:00,18.95,0.0,3.55,39.5,1.0,2.8,297.311,13.956,500.776,19.0,1
2023-10-21 14:00:00,19.775,0.0,4.55,38.0,1.0,2.61,264.737,51.498,513.491,19.0,1
2023-10-21 15:00:00,19.8,0.0,5.6,40.75,1.0,2.14,196.909,95.499,532.276,8.0,1
2023-10-21 16:00:00,18.85,0.0,5.65,47.25,0.95,1.515,99.949,103.15,570.403,0.0,0
2023-10-21 17:00:00,18.15,0.0,5.55,48.5,0.9,0.82,16.807,88.315,616.746,0.0,0
2023-10-21 18:00:00,16.85,0.0,4.925,55.25,0.425,0.17,3.042,97.673,671.8,0.0,0
2023-10-21 19:00:00,16.45,0.0,4.275,56.75,0.0,0.0,7.67,100.746,703.967,0.0,0
2023-10-21 20:00:00,15.825,0.0,3.825,59.75,0.0,0.0,6.661,97.202,700.911,0.0,0
2023-10-21 21:00:00,15.725,0.0,3.95,61.0,0.0,0.0,4.39,73.545,690.346,0.0,0
2023-10-21 22:00:00,15.65,0.0,4.05,62.75,0.0,0.0,1.991,57.544,667.056,0.0,0
2023-10-21 23:00:00,15.1,0.0,3.725,66.25,0.0,0.0,0.486,50.657,645.154,0.0,0
2023-10-22 00:00:00,15.375,0.0,3.025,68.0,0.0,0.0,0.0,53.57,622.868,0.0,0
2023-10-22 01:00:00,14.95,0.0,2.9,68.5,0.0,0.0,0.001,49.222,582.76,0.0,0
2023-10-22 02:00:00,15.075,0.0,2.675,67.75,0.0,0.0,0.001,50.419,552.751,0.0,0
2023-10-22 03:00:00,14.925,0.0,2.6,67.25,0.0,0.0,0.001,51.019,530.573,0.0,0
2023-10-22 04:00:00,14.2,0.0,1.975,71.0,0.0,0.0,0.001,42.041,516.073,0.0,0
2023-10-22 05:00:00,13.875,0.0,2.475,70.0,0.0,0.0,0.0,44.862,517.303,0.0,0
2023-10-22 06:00:00,13.425,0.0,2.375,70.0,0.0,0.0,0.392,38.201,529.623,0.0,0
2023-10-22 07:00:00,13.4,0.0,2.975,68.25,0.025,0.0,33.772,29.121,549.693,0.0,0
2023-10-22 08:00:00,15.025,0.0,1.825,64.5,0.775,0.325,133.646,22.233,552.401,0.0,0
2023-10-22 09:00:00,18.025,0.0,1.425,56.75,1.0,1.05,219.704,23.485,527.584,0.0,0
2023-10-22 10:00:00,19.2,0.0,2.35,52.0,0.975,1.705,237.167,16.63,510.465,0.0,0
2023-10-22 11:00:00,20.1,0.0,2.525,48.5,0.925,2.14,270.208,11.212,515.117,0.0,0
2023-10-22 12:00:00,20.4,0.0,2.775,45.75,0.9,2.35,288.862,7.352,507.549,1.0,1
2023-10-22 13:00:00,20.425,0.0,3.5,48.0,0.975,2.655,253.159,12.892,499.708,7.0,1
2023-10-22 14:00:00,20.675,0.0,3.45,49.25,0.9,2.28,208.563,12.329,523.888,1.0,1
2023-10-22 15:00:00,20.7,0.0,2.425,48.0,0.7,1.89,128.177,9.159,535.678,0.0,0
2023-10-22 16:00:00,19.725,0.0,2.125,51.75,0.575,1.405,48.496,7.263,574.699,0.0,0
2023-10-22 17:00:00,18.975,0.0,2.1,56.0,0.225,0.54,13.528,12.374,620.513,0.0,0
2023-10-22 18:00:00,17.925,0.0,2.05,60.0,0.05,0.11,3.113,29.512,663.823,0.0,0
2023-10-22 19:00:00,17.3,0.0,2.175,63.5,0.0,0.0,7.648,25.312,700.895,0.0,0
2023-10-22 20:00:00,17.1,0.0,1.575,63.75,0.0,0.0,6.669,14.443,694.7,0.0,0
2023-10-22 21:00:00,16.375,0.0,1.875,65.75,0.0,0.0,4.332,5.278,683.859,0.0,0
2023-10-22 22:00:00,15.8,0.0,2.075,68.0,0.0,0.0,1.973,3.835,658.442,0.0,0
2023-10-22 23:00:00,15.125,0.0,2.275,69.0,0.0,0.0,0.482,3.515,634.31,0.0,0
2023-10-23 00:00:00,14.8,0.0,2.025,68.75,0.0,0.0,0.0,3.222,609.939,0.0,0
2023-10-27 01:00:00,19.525,0.0,3.275,77.25,0.0,0.0,0.001,30.987,599.534,0.0,0
2023-10-27 02:00:00,18.55,0.0,2.65,80.0,0.0,0.0,0.0,43.904,564.844,0.0,0
2023-10-27 03:00:00,18.175,0.0,3.7,82.25,0.0,0.0,0.0,77.399,541.424,0.0,0
2023-10-27 04:00:00,18.05,0.0,3.35,80.25,0.0,0.0,0.001,120.578,528.75,0.0,0
2023-10-27 05:00:00,17.75,0.0,3.45,79.0,0.0,0.0,0.0,130.392,529.921,0.0,0
2023-10-27 06:00:00,17.425,0.0,4.625,77.5,0.0,0.0,0.227,121.506,547.06,0.0,0
2023-10-27 07:00:00,17.15,0.0,5.025,74.75,0.0,0.0,25.264,108.839,584.596,0.0,0
2023-10-27 08:00:00,17.75,0.0,4.75,58.0,0.475,0.22,114.297,113.094,617.956,0.0,0
2023-10-27 09:00:00,19.05,0.0,5.35,56.5,0.85,0.825,207.056,120.705,625.383,0.0,0
2023-10-27 10:00:00,20.25,0.0,5.75,44.0,0.95,1.57,275.727,44.545,621.592,23.0,1
2023-10-27 11:00:00,20.225,0.0,6.075,41.75,0.975,2.175,296.771,13.209,595.099,0.0,0
2023-10-27 12:00:00,20.15,0.0,6.175,41.5,0.975,2.47,280.478,14.454,579.977,0.0,0
2023-10-27 13:00:00,20.025,0.0,6.5,43.25,0.975,2.54,273.566,13.678,567.673,0.0,0
2023-10-27 14:00:00,20.075,0.0,6.2,42.75,1.0,2.47,262.296,26.081,581.846,145.0,1
2023-10-27 15:00:00,19.875,0.0,5.675,42.25,1.0,2.09,200.884,99.461,592.357,130.0,1
2023-10-27 16:00:00,19.25,0.0,6.425,45.75,1.0,1.475,97.274,186.535,612.798,0.0,0
2023-10-27 17:00:00,18.625,0.0,5.075,47.0,1.0,0.76,12.549,176.089,665.348,0.0,0
2023-10-27 18:00:00,17.225,0.0,4.65,50.0,0.3,0.115,2.95,189.114,718.009,0.0,0
2023-10-27 19:00:00,16.85,0.0,4.175,50.5,0.0,0.0,7.414,158.687,738.53,0.0,0
2023-10-27 20:00:00,16.075,0.0,3.85,55.5,0.0,0.0,6.092,115.22,731.396,0.0,0
2023-10-27 21:00:00,15.925,0.0,3.975,59.75,0.0,0.0,4.243,101.983,710.453,0.0,0
2023-10-27 22:00:00,15.625,0.0,3.625,62.0,0.0,0.0,1.951,96.709,687.597,0.0,0
2023-10-27 23:00:00,15.3,0.0,3.175,62.0,0.0,0.0,0.471,85.091,664.637,0.0,0
2023-10-28 00:00:00,14.8,0.0,2.5,63.0,0.0,0.0,0.0,60.411,638.911,0.0,0
2023-10-28 01:00:00,14.5,0.0,3.2,63.5,0.0,0.0,0.001,61.578,595.905,0.0,0
2023-10-28 02:00:00,14.55,0.0,2.475,62.75,0.0,0.0,0.001,60.368,562.579,0.0,0
2023-10-28 03:00:00,14.25,0.0,2.825,65.5,0.0,0.0,0.0,43.667,541.543,0.0,0
2023-10-28 04:00:00,14.3,0.0,3.0,67.25,0.0,0.0,0.0,46.941,526.513,0.0,0
2023-10-28 05:00:00,14.275,0.0,2.925,68.5,0.0,0.0,0.0,58.791,526.301,0.0,0
2023-10-28 06:00:00,14.35,0.0,2.45,70.5,0.0,0.0,0.255,62.887,541.524,0.0,0
2023-10-28 07:00:00,14.6,0.0,2.65,70.75,0.0,0.0,25.84,40.945,567.798,0.0,0
2023-10-28 08:00:00,15.625,0.0,2.525,69.0,0.5,0.22,116.387,33.074,580.244,0.0,0
2023-10-28 09:00:00,18.075,0.0,1.3,64.0,0.925,0.885,206.544,23.508,572.306,0.0,0
2023-10-28 10:00:00,19.15,0.0,2.7,58.5,0.95,1.51,268.46,3.093,560.203,4.0,1
2023-10-28 11:00:00,19.875,0.0,3.2,56.0,1.0,2.155,282.262,1.858,548.8,14.0,1
2023-10-28 12:00:00,20.225,0.0,3.075,54.5,1.0,2.495,273.316,2.648,539.002,0.0,0
2023-10-28 13:00:00,20.575,0.0,3.5,50.0,1.0,2.575,257.488,3.952,528.126,20.0,1
2023-10-28 14:00:00,20.925,0.0,3.475,44.5,1.0,2.34,238.487,7.076,539.399,0.0,0
2023-10-28 15:00:00,20.75,0.0,3.3,44.25,1.0,1.965,180.131,17.346,548.264,12.0,1
2023-10-28 16:00:00,20.4,0.0,2.95,48.75,1.0,1.39,81.896,18.231,576.746,0.0,0
2023-10-28 17:00:00,19.525,0.0,2.45,54.0,1.0,0.645,9.642,26.984,628.004,0.0,0
2023-10-28 18:00:00,18.025,0.0,2.325,62.25,0.2,0.08,2.878,55.518,678.405,0.0,0
2023-10-28 19:00:00,17.075,0.0,2.425,66.25,0.0,0.0,7.308,61.488,709.612,0.0,0
2023-10-28 20:00:00,16.8,0.0,3.15,67.5,0.0,0.0,5.929,54.545,706.704,0.0,0
2023-10-28 21:00:00,16.475,0.0,2.925,71.25,0.0,0.0,4.164,41.49,693.639,0.0,0
2023-10-28 22:00:00,16.1,0.0,2.425,72.25,0.0,0.0,1.958,35.688,672.4,0.0,0
2023-10-28 23:00:00,15.65,0.0,2.125,73.5,0.0,0.0,0.474,22.067,649.967,0.0,0
2023-10-29 00:00:00,15.475,0.0,2.65,75.0,0.0,0.0,0.0,13.824,628.019,0.0,0
2023-10-29 01:00:00,15.325,0.0,2.725,74.75,0.0,0.0,0.001,8.678,587.163,0.0,0
2023-10-29 02:00:00,15.25,0.0,2.375,74.5,0.0,0.0,0.0,5.258,556.175,0.0,0
2023-10-29 03:00:00,14.85,0.0,2.275,75.25,0.0,0.0,0.0,3.406,537.492,0.0,0
2023-10-29 04:00:00,14.825,0.0,1.725,76.5,0.0,0.0,0.0,0.663,523.701,0.0,0
2023-10-29 05:00:00,14.675,0.0,1.925,77.0,0.0,0.0,0.0,8.343,524.571,0.0,0
2023-10-29 06:00:00,14.35,0.0,2.125,77.75,0.0,0.0,0.165,1.33,536.645,0.0,0
2023-10-29 07:00:00,14.2,0.0,1.875,76.5,0.0,0.0,25.072,0.43,558.629,0.0,0
2023-10-29 08:00:00,15.7,0.0,0.85,74.5,0.6,0.255,119.364,0.5,565.84,0.0,0
2023-10-29 09:00:00,18.775,0.0,1.0,65.25,1.0,0.955,208.542,0.142,548.06,0.0,0
2023-10-29 10:00:00,20.6,0.0,2.325,58.25,1.0,1.615,258.496,0.051,533.548,0.0,0
2023-10-29 11:00:00,21.35,0.0,2.475,54.25,1.0,2.08,261.959,0.298,526.927,0.0,0
2023-10-29 12:00:00,21.525,0.0,2.85,51.75,1.0,2.49,247.808,1.105,530.036,0.0,0
2023-10-29 13:00:00,21.775,0.0,2.8,55.5,1.0,2.49,231.38,1.777,529.377,0.0,0
2023-10-29 14:00:00,22.1,0.0,2.9,54.5,1.0,2.29,180.309,2.119,536.923,0.0,0
2023-10-29 15:00:00,21.925,0.0,2.5,56.0,0.9,1.955,116.319,2.127,563.133,0.0,0
2023-10-29 16:00:00,21.3,0.0,2.2,56.5,0.825,1.255,59.359,0.711,593.398,0.0,0
2023-10-29 17:00:00,20.525,0.0,2.05,58.0,0.85,0.67,9.785,0.284,627.668,0.0,0
2023-10-29 18:00:00,18.875,0.0,1.1,65.0,0.15,0.075,2.877,1.936,679.53,0.0,0
2023-10-29 19:00:00,17.925,0.0,1.45,68.0,0.0,0.0,7.151,0.944,713.232,0.0,0
2023-10-29 20:00:00,17.4,0.0,1.775,67.75,0.0,0.0,5.882,1.514,707.572,0.0,0
2023-10-29 21:00:00,16.875,0.0,1.775,68.75,0.0,0.0,4.126,1.87,693.535,0.0,0
2023-10-29 22:00:00,16.425,0.0,1.675,69.5,0.0,0.0,1.948,0.317,669.621,0.0,0
2023-10-29 23:00:00,16.375,0.0,2.275,69.5,0.0,0.0,0.46,0.0,647.877,0.0,0
2023-10-30 00:00:00,16.25,0.0,1.825,69.75,0.0,0.0,0.0,0.0,622.404,0.0,0
2023-10-31 01:00:00,15.75,0.0,2.525,72.25,0.0,0.0,0.001,4.752,590.371,0.0,0
2023-10-31 02:00:00,15.45,0.0,2.225,73.25,0.0,0.0,0.0,3.246,558.344,0.0,0
2023-10-31 03:00:00,14.95,0.0,2.125,71.5,0.0,0.0,0.0,1.945,536.957,0.0,0
2023-10-31 04:00:00,14.775,0.0,2.025,69.25,0.0,0.0,0.001,1.756,524.601,0.0,0
2023-10-31 05:00:00,14.45,0.0,1.875,68.5,0.0,0.0,0.0,1.713,526.234,0.0,0
2023-10-31 06:00:00,14.325,0.0,1.9,67.25,0.0,0.0,0.243,0.294,544.659,0.0,0
2023-10-31 07:00:00,14.075,0.0,1.95,60.5,0.0,0.0,24.053,0.101,578.959,0.0,0
2023-10-31 08:00:00,15.3,0.0,1.825,62.25,0.6,0.225,120.123,0.004,610.17,0.0,0
2023-10-31 09:00:00,18.525,0.0,0.85,57.0,1.0,0.93,210.245,0.012,610.055,0.0,0
2023-10-31 10:00:00,20.65,0.0,1.45,54.0,1.0,1.61,265.248,0.026,600.561,0.0,0
2023-10-31 11:00:00,21.575,0.0,2.05,52.0,1.0,2.135,295.325,0.031,589.964,0.0,0
2023-10-31 12:00:00,22.15,0.0,2.15,53.0,1.0,2.45,295.797,0.252,575.739,0.0,0
2023-10-31 13:00:00,22.575,0.0,2.75,47.75,1.0,2.545,280.472,1.744,564.904,0.0,0
2023-10-31 14:00:00,22.8,0.0,2.975,47.5,1.0,2.38,231.361,2.259,588.956,0.0,0
2023-10-31 15:00:00,22.775,0.0,2.875,48.5,1.0,1.95,166.866,1.223,612.075,0.0,0
2023-10-31 16:00:00,22.025,0.0,2.075,49.25,1.0,1.34,75.685,0.28,639.894,0.0,0
2023-10-31 17:00:00,21.1,0.0,2.9,52.25,1.0,0.645,9.993,0.241,681.42,0.0,0
2023-10-31 18:00:00,18.65,0.0,1.875,61.75,0.25,0.08,4.539,0.135,720.276,0.0,0
2023-10-31 19:00:00,17.2,0.0,1.7,66.0,0.0,0.0,7.811,0.018,739.799,0.0,0
2023-10-31 20:00:00,16.775,0.0,1.8,63.75,0.0,0.0,6.735,0.299,731.179,0.0,0
2023-10-31 21:00:00,16.4,0.0,0.875,67.75,0.0,0.0,4.373,2.532,714.041,0.0,0
2023-10-31 22:00:00,15.775,0.0,0.725,68.75,0.0,0.0,0.927,5.611,681.806,0.0,0
2023-10-31 23:00:00,15.75,0.0,2.025,70.0,0.0,0.0,0.001,7.318,658.832,0.0,0
2023-11-01 00:00:00,15.7,0.0,1.775,68.25,0.0,0.0,0.0,6.87,631.15,0.0,0
2023-11-07 01:00:00,14.8,0.0,6.4,58.25,0.0,0.0,0.038,106.144,583.57,0.0,0
2023-11-07 02:00:00,14.3,0.0,5.525,59.5,0.0,0.0,0.0,113.312,552.251,0.0,0
2023-11-07 03:00:00,14.05,0.0,6.75,58.75,0.0,0.0,0.0,127.049,531.035,0.0,0
2023-11-07 04:00:00,13.925,0.0,6.6,56.5,0.0,0.0,0.0,154.026,516.142,0.0,0
2023-11-07 05:00:00,13.85,0.0,6.55,52.5,0.0,0.0,0.0,171.994,518.821,0.0,0
2023-11-07 06:00:00,13.6,0.0,6.6,52.75,0.0,0.0,0.041,164.163,534.185,0.0,0
2023-11-07 07:00:00,13.325,0.0,5.925,55.25,0.0,0.015,9.075,155.642,571.04,0.0,0
2023-11-07 08:00:00,13.275,0.0,6.3,54.5,0.125,0.115,90.21,151.808,611.095,0.0,0
2023-11-07 09:00:00,14.325,0.0,5.25,54.25,0.7,0.61,190.814,140.87,618.18,0.0,0
2023-11-07 10:00:00,15.45,0.0,5.475,53.0,0.85,1.32,231.852,124.439,597.986,0.0,0
2023-11-07 11:00:00,16.1,0.0,5.225,52.25,0.725,1.355,243.737,107.202,605.651,0.0,0
2023-11-07 12:00:00,16.575,0.0,4.95,53.0,0.725,1.74,224.491,117.117,594.466,0.0,0
2023-11-07 13:00:00,16.65,0.0,5.25,54.5,0.5,1.485,215.813,111.519,585.143,0.0,0
2023-11-07 14:00:00,16.9,0.0,4.85,54.0,0.6,1.555,189.406,102.397,607.568,5.0,1
2023-11-07 15:00:00,16.75,0.0,4.0,53.25,0.6,1.14,127.614,94.37,614.271,7.0,1
2023-11-07 16:00:00,16.175,0.0,3.825,55.75,0.525,0.675,51.606,83.854,639.478,0.0,0
2023-11-07 17:00:00,15.475,0.0,3.1,57.75,0.6,0.35,5.741,61.835,675.595,0.0,0
2023-11-07 18:00:00,14.825,0.0,3.05,63.5,0.075,0.045,4.523,81.688,717.467,0.0,0
2023-11-07 19:00:00,14.15,0.0,2.575,65.75,0.0,0.0,7.628,66.351,732.856,0.0,0
2023-11-07 20:00:00,13.5,0.0,2.875,68.5,0.0,0.0,4.98,56.162,726.734,0.0,0
2023-11-07 21:00:00,13.025,0.0,2.8,70.75,0.0,0.0,1.805,64.292,708.632,0.0,0
2023-11-07 22:00:00,12.775,0.0,2.75,72.75,0.0,0.0,0.197,57.934,680.587,0.0,0
2023-11-07 23:00:00,12.75,0.0,2.55,73.25,0.0,0.0,0.0,47.63,659.471,0.0,0
2023-11-08 00:00:00,12.6,0.0,2.775,73.75,0.0,0.0,0.0,48.683,633.543,0.0,0
2023-11-10 01:00:00,16.475,0.0,0.825,86.75,0.0,0.0,0.046,0.407,594.664,0.0,0
2023-11-10 02:00:00,16.1,0.0,1.375,90.25,0.0,0.0,0.0,20.36,563.248,0.0,0
2023-11-10 03:00:00,16.275,2.95,2.7,91.75,0.0,0.0,0.0,95.304,535.565,0.0,0
2023-11-10 04:00:00,15.75,0.0,5.75,88.25,0.0,0.0,0.0,167.05,520.589,0.0,0
2023-11-10 05:00:00,15.075,0.0,5.65,82.5,0.0,0.0,0.0,204.078,527.967,0.0,0
2023-11-10 06:00:00,14.775,0.175,5.575,81.5,0.0,0.0,0.009,204.792,545.505,0.0,0
2023-11-10 07:00:00,14.275,0.0,5.75,77.5,0.0,0.0,1.653,188.873,578.764,0.0,0
2023-11-10 08:00:00,14.2,0.0,5.825,75.5,0.0,0.035,21.924,213.182,623.983,0.0,0
2023-11-10 09:00:00,14.25,0.125,5.475,71.25,0.0,0.235,58.63,220.887,662.835,0.0,0
2023-11-10 10:00:00,14.425,0.0,5.4,68.5,0.05,0.75,75.095,221.411,674.07,0.0,0
2023-11-10 11:00:00,14.2,0.0,5.3,67.25,0.15,1.07,129.758,198.396,678.353,0.0,0
2023-11-10 12:00:00,14.675,0.0,5.675,60.0,0.15,1.16,191.42,100.46,643.464,21.0,1
2023-11-10 13:00:00,14.55,0.0,6.175,60.0,0.5,1.285,161.352,168.35,619.168,103.0,1
2023-11-10 14:00:00,14.325,0.0,6.525,61.0,0.65,1.4,157.481,168.836,632.632,54.0,1
2023-11-10 15:00:00,14.1,0.0,6.05,60.5,0.475,1.3,109.492,191.622,630.347,55.0,1
2023-11-10 16:00:00,13.65,0.0,6.825,63.0,0.475,0.865,36.696,215.929,642.086,22.0,1
2023-11-10 17:00:00,13.15,0.0,6.25,61.5,0.175,0.4,4.079,205.601,649.606,0.0,0
2023-11-10 18:00:00,12.775,0.0,6.175,59.75,0.0,0.03,4.567,211.291,723.148,0.0,0
2023-11-10 19:00:00,12.525,0.0,6.25,60.25,0.0,0.0,6.479,201.39,738.361,0.0,0
2023-11-10 20:00:00,12.1,0.0,5.975,61.0,0.0,0.0,4.12,206.599,730.923,0.0,0
2023-11-10 21:00:00,11.975,0.0,5.825,58.0,0.0,0.0,0.563,196.665,718.777,0.0,0
2023-11-10 22:00:00,11.825,0.0,5.525,57.0,0.0,0.0,0.011,197.007,692.835,0.0,0
2023-11-10 23:00:00,11.75,0.0,4.55,53.5,0.0,0.0,0.0,170.798,674.328,0.0,0
2023-11-11 00:00:00,11.475,0.0,4.8,56.0,0.0,0.0,0.0,160.272,656.582,0.0,0
2023-11-11 01:00:00,11.025,0.0,4.225,55.25,0.0,0.0,0.06,173.594,612.025,0.0,0
2023-11-11 02:00:00,10.875,0.0,4.825,54.5,0.0,0.0,0.058,157.343,579.075,0.0,0
2023-11-11 03:00:00,10.875,0.0,5.025,52.0,0.0,0.0,0.0,153.419,558.259,0.0,0
2023-11-11 04:00:00,10.325,0.0,4.7,56.75,0.0,0.0,0.0,150.922,548.237,0.0,0
2023-11-11 05:00:00,10.2,0.0,3.875,59.75,0.0,0.0,0.0,127.538,548.066,0.0,0
2023-11-11 06:00:00,9.975,0.0,3.125,58.75,0.0,0.0,0.067,112.523,562.993,0.0,0
2023-11-11 07:00:00,9.775,0.0,2.75,62.25,0.0,0.0,10.827,119.365,581.834,0.0,0
2023-11-11 08:00:00,10.475,0.0,3.975,58.0,0.05,0.105,74.448,123.98,599.231,0.0,0
2023-11-11 09:00:00,11.55,0.0,4.65,56.0,0.675,0.555,189.133,121.353,596.441,0.0,0
2023-11-11 10:00:00,12.425,0.0,4.725,54.0,0.975,1.44,260.893,85.142,562.428,0.0,0
2023-11-11 11:00:00,12.625,0.0,5.625,53.5,1.0,1.955,284.213,45.485,551.494,68.0,1
2023-11-11 12:00:00,12.875,0.0,5.3,51.25,0.95,2.255,264.713,55.617,535.591,102.0,1
2023-11-11 13:00:00,12.825,0.0,5.425,50.0,0.95,2.35,244.717,99.305,527.836,86.0,1
2023-11-11 14:00:00,12.6,0.0,5.625,55.5,0.7,1.58,145.575,183.639,543.9,60.0,1
2023-11-11 15:00:00,12.1,0.0,5.225,57.75,0.55,0.855,95.471,181.894,592.826,2.0,1
2023-11-11 16:00:00,11.925,0.0,4.65,59.25,0.575,0.62,34.305,168.628,621.029,0.0,0
2023-11-11 17:00:00,11.525,0.0,4.375,61.5,0.4,0.225,4.839,173.886,660.532,0.0,0
2023-11-11 18:00:00,11.55,0.0,4.575,62.75,0.0,0.01,4.336,189.324,712.361,0.0,0
2023-11-11 19:00:00,11.275,0.0,5.05,63.25,0.0,0.0,7.266,184.284,733.558,0.0,0
2023-11-11 20:00:00,11.075,0.0,4.525,62.75,0.0,0.0,6.397,162.866,724.658,0.0,0
2023-11-11 21:00:00,11.0,0.0,4.8,63.25,0.0,0.0,4.264,162.897,710.885,0.0,0
2023-11-11 22:00:00,11.075,0.0,4.65,64.25,0.0,0.0,0.922,157.9,686.311,0.0,0
2023-11-11 23:00:00,11.1,0.0,5.125,63.25,0.0,0.0,0.0,170.133,664.089,0.0,0
2023-11-12 00:00:00,10.75,0.0,5.65,60.75,0.0,0.0,0.0,186.323,643.396,0.0,0
2023-11-15 01:00:00,11.825,0.0,2.45,61.5,0.0,0.0,0.059,9.645,632.163,0.0,0
2023-11-15 02:00:00,11.75,0.0,2.875,62.25,0.0,0.0,0.061,14.185,594.039,0.0,0
2023-11-15 03:00:00,11.425,0.0,2.3,65.25,0.0,0.0,0.052,24.26,572.046,0.0,0
2023-11-15 04:00:00,11.25,0.0,2.5,66.5,0.0,0.0,0.0,23.331,561.478,0.0,0
2023-11-15 05:00:00,11.175,0.0,2.675,66.25,0.0,0.0,0.0,30.659,562.837,0.0,0
2023-11-15 06:00:00,11.3,0.0,2.5,66.5,0.0,0.0,0.055,26.84,580.25,0.0,0
2023-11-15 07:00:00,11.125,0.0,2.35,66.25,0.0,0.0,10.027,27.025,617.523,0.0,0
2023-11-15 08:00:00,11.925,0.0,2.575,63.75,0.325,0.075,72.246,19.245,660.121,0.0,0
2023-11-15 09:00:00,13.05,0.0,2.35,57.0,0.775,0.51,159.419,17.551,659.659,0.0,0
2023-11-15 10:00:00,14.1,0.0,2.475,52.5,0.925,1.225,226.098,18.075,648.564,0.0,0
2023-11-15 11:00:00,14.55,0.0,2.375,51.0,0.9,1.615,282.475,17.691,626.982,0.0,0
2023-11-15 12:00:00,15.125,0.0,2.45,46.5,1.0,2.175,264.204,10.926,592.241,1.0,1
2023-11-15 13:00:00,15.275,0.0,2.975,43.5,0.95,2.27,221.461,11.773,577.848,5.0,1
2023-11-15 14:00:00,15.825,0.0,2.475,44.0,0.8,2.125,213.844,14.836,598.943,0.0,0
2023-11-15 15:00:00,15.525,0.0,2.7,44.75,0.925,1.73,154.362,14.491,605.092,0.0,0
2023-11-15 16:00:00,15.2,0.0,2.0,47.0,0.9,1.165,57.083,12.177,628.173,0.0,0
2023-11-15 17:00:00,14.025,0.0,1.95,49.25,0.95,0.47,3.549,19.346,684.845,0.0,0
2023-11-15 18:00:00,12.625,0.0,1.05,54.5,0.0,0.015,3.875,38.606,747.088,0.0,0
2023-11-15 19:00:00,11.675,0.0,2.025,60.0,0.0,0.0,6.917,33.902,766.898,0.0,0
2023-11-15 20:00:00,11.125,0.0,2.05,61.0,0.0,0.0,6.33,25.081,761.153,0.0,0
2023-11-15 21:00:00,10.7,0.0,2.15,61.75,0.0,0.0,3.963,8.284,747.879,0.0,0
2023-11-15 22:00:00,10.375,0.0,1.125,63.25,0.0,0.0,1.014,5.014,724.036,0.0,0
2023-11-15 23:00:00,10.25,0.0,1.525,65.0,0.0,0.0,0.019,2.35,703.121,0.0,0
2023-11-16 00:00:00,10.275,0.0,1.175,65.25,0.0,0.0,0.0,0.335,678.8,0.0,0
2023-11-20 01:00:00,13.675,0.0,5.4,68.75,0.0,0.0,0.02,58.958,626.396,0.0,0
2023-11-20 02:00:00,13.65,0.0,4.6,73.5,0.0,0.0,0.0,55.155,591.918,0.0,0
2023-11-20 03:00:00,12.975,0.0,3.675,71.5,0.0,0.0,0.0,52.2,570.281,0.0,0
2023-11-20 04:00:00,12.85,0.0,3.425,71.25,0.0,0.0,0.0,54.111,562.481,0.0,0
2023-11-20 05:00:00,11.75,0.0,3.2,72.75,0.0,0.0,0.0,70.67,566.147,0.0,0
2023-11-20 06:00:00,11.325,0.0,3.45,74.0,0.0,0.0,0.063,73.88,584.329,0.0,0
2023-11-20 07:00:00,10.7,0.0,3.7,70.75,0.0,0.0,8.808,92.282,619.661,0.0,0
2023-11-20 08:00:00,10.75,0.0,3.225,68.5,0.275,0.07,85.655,92.559,667.076,0.0,0
2023-11-20 09:00:00,12.175,0.0,2.625,62.25,0.925,0.64,196.42,77.463,670.946,0.0,0
2023-11-20 10:00:00,13.475,0.0,2.75,55.75,1.0,1.37,268.703,57.566,649.593,0.0,0
2023-11-20 11:00:00,14.175,0.0,3.35,52.5,1.0,1.94,308.26,44.949,625.923,0.0,0
2023-11-20 12:00:00,14.675,0.0,3.65,51.0,1.0,2.275,316.99,40.989,601.826,2.0,1
2023-11-20 13:00:00,14.875,0.0,3.625,51.25,1.0,2.34,299.972,39.852,576.28,6.0,1
2023-11-20 14:00:00,14.975,0.0,3.8,48.75,1.0,2.19,253.31,44.701,596.908,3.0,1
2023-11-20 15:00:00,15.1,0.0,3.75,48.75,1.0,1.805,168.881,40.221,613.602,0.0,0
2023-11-20 16:00:00,14.575,0.0,2.4,50.75,1.0,1.23,56.075,26.967,648.878,0.0,0
2023-11-20 17:00:00,13.575,0.0,2.675,53.5,1.0,0.545,4.868,25.583,702.69,0.0,0
2023-11-20 18:00:00,11.825,0.0,1.225,59.5,0.25,0.055,4.567,38.368,769.668,0.0,0
2023-11-20 19:00:00,10.875,0.0,2.175,64.75,0.0,0.0,7.367,29.385,792.418,0.0,0
2023-11-20 20:00:00,10.45,0.0,2.25,65.75,0.0,0.0,6.301,15.295,788.963,0.0,0
2023-11-20 21:00:00,10.3,0.0,2.6,66.25,0.0,0.0,4.171,5.595,772.732,0.0,0
2023-11-20 22:00:00,9.925,0.0,2.4,68.25,0.0,0.0,0.964,0.607,744.968,0.0,0
2023-11-20 23:00:00,9.675,0.0,1.933,68.5,0.0,0.0,0.0,0.245,725.513,0.0,0
2023-11-21 00:00:00,9.625,0.0,2.2,66.25,0.0,0.0,0.0,0.462,701.675,0.0,0
2023-12-06 01:00:00,9.6,0.0,1.85,70.25,0.0,0.0,0.0,4.126,691.711,0.0,0
2023-12-06 02:00:00,9.5,0.0,2.05,74.5,0.0,0.0,0.0,0.786,654.304,0.0,0
2023-12-06 03:00:00,9.925,0.0,1.325,75.0,0.0,0.0,0.0,0.226,630.07,0.0,0
2023-12-06 04:00:00,10.25,0.0,2.75,73.0,0.0,0.0,0.0,5.782,619.592,0.0,0
2023-12-06 05:00:00,10.925,0.0,3.0,69.75,0.0,0.0,0.0,5.438,620.265,0.0,0
2023-12-06 06:00:00,10.95,0.0,2.6,71.75,0.0,0.0,0.0,12.973,634.549,0.0,0
2023-12-06 07:00:00,10.975,0.0,2.65,73.0,0.0,0.0,1.779,10.956,669.105,0.0,0
2023-12-06 08:00:00,11.35,0.0,2.525,70.5,0.0,0.01,30.906,6.371,723.673,0.0,0
2023-12-06 09:00:00,12.275,0.0,2.175,67.25,0.225,0.23,112.996,25.662,757.759,0.0,0
2023-12-06 10:00:00,15.425,0.0,2.5,53.5,0.95,0.875,174.36,66.486,710.518,0.0,0
2023-12-06 11:00:00,17.025,0.0,4.025,52.5,0.875,1.52,156.736,100.694,677.81,0.0,0
2023-12-06 12:00:00,16.725,0.0,5.0,51.0,0.55,1.27,208.638,98.315,682.423,0.0,0
2023-12-06 13:00:00,17.625,0.0,7.233,52.75,0.767,1.8,151.516,108.093,626.241,8.0,1
2023-12-06 14:00:00,17.05,0.0,7.275,55.75,0.3,0.88,91.544,102.195,677.393,3.0,1
2023-12-06 15:00:00,16.875,0.0,6.975,59.75,0.1,0.61,46.878,109.328,705.86,0.0,0
2023-12-06 16:00:00,16.65,0.0,7.375,59.75,0.0,0.37,23.467,128.639,718.741,0.0,0
2023-12-06 17:00:00,16.3,0.0,7.0,62.25,0.0,0.21,3.161,139.882,718.138,0.0,0
2023-12-06 18:00:00,15.375,0.05,8.125,69.0,0.0,0.015,4.529,162.74,798.639,0.0,0
2023-12-06 19:00:00,14.125,0.0,7.825,71.5,0.0,0.0,5.655,224.455,811.866,0.0,0
2023-12-06 20:00:00,13.525,0.0,8.325,67.75,0.0,0.0,3.708,236.57,811.619,0.0,0
2023-12-06 21:00:00,12.55,0.3,8.275,62.5,0.0,0.0,1.033,190.581,799.588,0.0,0
2023-12-06 22:00:00,12.175,0.0,7.725,61.5,0.0,0.0,0.008,176.488,773.007,0.0,0
2023-12-06 23:00:00,12.025,0.0,7.975,57.5,0.0,0.0,0.001,160.861,750.284,0.0,0
2023-12-07 00:00:00,11.8,0.0,7.3,60.25,0.0,0.0,0.0,160.846,729.998,0.0,0
2023-12-08 01:00:00,11.075,0.0,3.425,60.25,0.0,0.0,0.0,113.888,683.791,0.0,0
2023-12-08 02:00:00,11.45,0.0,3.75,60.25,0.0,0.0,0.0,113.057,647.922,0.0,0
2023-12-08 03:00:00,11.7,0.0,3.7,61.25,0.0,0.0,0.0,115.253,619.087,0.0,0
2023-12-08 04:00:00,11.75,0.0,3.65,64.0,0.0,0.0,0.0,129.772,601.673,0.0,0
2023-12-08 05:00:00,11.9,0.0,3.875,64.0,0.0,0.0,0.0,173.558,605.884,0.0,0
2023-12-08 06:00:00,12.0,0.0,3.75,65.0,0.0,0.0,0.0,166.431,625.51,0.0,0
2023-12-08 07:00:00,12.2,0.0,3.725,66.25,0.0,0.0,2.363,152.107,662.108,0.0,0
2023-12-08 08:00:00,12.675,0.0,3.825,67.0,0.0,0.045,39.205,132.359,711.788,0.0,0
2023-12-08 09:00:00,15.125,0.0,4.175,62.0,0.55,0.405,121.513,141.454,726.136,0.0,0
2023-12-08 10:00:00,18.3,0.0,4.675,54.5,0.95,1.07,184.883,159.18,685.903,0.0,0
2023-12-08 11:00:00,18.85,0.0,4.65,55.75,0.9,1.565,228.309,159.935,663.793,0.0,0
2023-12-08 12:00:00,19.125,0.0,5.325,55.25,0.825,1.88,233.337,160.054,630.848,0.0,0
2023-12-08 13:00:00,19.425,0.0,5.1,53.25,0.825,1.98,227.157,154.451,608.549,9.0,1
2023-12-08 14:00:00,19.25,0.0,5.65,55.25,0.875,1.875,182.959,184.66,616.442,32.0,1
2023-12-08 15:00:00,19.05,0.0,5.8,59.0,0.775,1.485,112.199,188.583,637.678,5.0,1
2023-12-08 16:00:00,18.75,0.0,4.7,60.25,0.7,1.01,33.799,162.674,665.789,0.0,0
2023-12-08 17:00:00,17.9,0.0,5.05,62.25,0.425,0.4,3.801,164.183,711.313,0.0,0
2023-12-08 18:00:00,17.2,0.0,4.525,66.75,0.025,0.025,4.614,180.356,765.854,0.0,0
2023-12-08 19:00:00,16.95,0.0,4.5,68.25,0.0,0.0,6.952,170.498,777.809,0.0,0
2023-12-08 20:00:00,16.5,0.0,4.9,67.75,0.0,0.0,5.913,166.237,768.771,0.0,0
2023-12-08 21:00:00,16.3,0.0,4.575,69.0,0.0,0.0,3.425,149.675,756.133,0.0,0
2023-12-08 22:00:00,16.275,0.0,5.325,68.75,0.0,0.0,0.449,152.314,732.483,0.0,0
2023-12-08 23:00:00,16.1,0.0,4.825,68.5,0.0,0.0,0.0,139.588,712.413,0.0,0
2023-12-09 00:00:00,15.975,0.0,4.55,69.5,0.0,0.0,0.0,112.166,699.945,0.0,0
2024-01-06 01:00:00,10.35,0.0,2.9,71.25,0.0,0.0,0.0,22.247,0.0,0.0,0
2024-01-06 02:00:00,10.225,0.0,2.9,76.25,0.0,0.0,0.0,33.119,0.0,0.0,0
2024-01-06 03:00:00,9.775,0.0,3.325,74.75,0.0,0.0,0.0,53.943,0.0,0.0,0
2024-01-06 04:00:00,9.3,0.0,3.475,73.75,0.0,0.0,0.0,81.051,0.0,0.0,0
2024-01-06 05:00:00,9.3,0.0,3.5,75.0,0.0,0.0,0.0,108.88,0.0,0.0,0
2024-01-06 06:00:00,8.7,0.0,4.45,74.75,0.0,0.0,0.0,90.559,0.0,0.0,0
2024-01-06 07:00:00,8.3,0.0,3.55,73.0,0.0,0.0,0.632,113.452,0.0,0.0,0
2024-01-06 08:00:00,8.05,0.0,3.825,72.5,0.0,0.005,28.921,123.695,0.0,0.0,0
2024-01-06 09:00:00,8.95,0.0,3.675,70.25,0.375,0.19,109.857,123.984,0.0,0.0,0
2024-01-06 10:00:00,9.65,0.0,4.15,61.25,0.775,0.665,216.116,119.385,0.0,0.0,0
2024-01-06 11:00:00,10.125,0.0,4.05,53.25,1.0,1.47,282.979,78.41,0.0,0.0,0
2024-01-06 12:00:00,10.575,0.0,3.775,51.0,1.0,1.935,309.829,41.754,0.0,1.0,1
2024-01-06 13:00:00,10.825,0.0,3.725,46.5,1.0,2.105,303.876,31.541,0.0,21.0,1
2024-01-06 14:00:00,11.125,0.0,3.4,45.25,1.0,2.04,264.786,74.34,0.0,34.0,1
2024-01-06 15:00:00,10.95,0.0,4.05,45.25,1.0,1.73,182.515,94.266,0.0,8.0,1
2024-01-06 16:00:00,10.45,0.0,3.775,46.5,1.0,1.22,71.029,95.325,0.0,0.0,0
2024-01-06 17:00:00,9.65,0.0,4.2,50.25,1.0,0.6,9.297,100.523,0.0,0.0,0
2024-01-06 18:00:00,8.575,0.0,3.775,50.25,0.35,0.085,4.74,116.806,0.0,0.0,0
2024-01-06 19:00:00,8.025,0.0,3.85,53.5,0.0,0.0,7.2,105.985,0.0,0.0,0
2024-01-06 20:00:00,8.1,0.0,4.15,49.5,0.0,0.0,5.621,96.727,0.0,0.0,0
2024-01-06 21:00:00,7.525,0.0,4.1,49.5,0.0,0.0,3.352,126.182,0.0,0.0,0
2024-01-06 22:00:00,6.85,0.0,3.85,54.0,0.0,0.0,0.824,99.507,0.0,0.0,0
2024-01-06 23:00:00,6.85,0.0,4.425,57.0,0.0,0.0,0.0,85.968,0.0,0.0,0
2024-01-07 00:00:00,6.6,0.0,4.2,56.25,0.0,0.0,0.0,57.815,0.0,0.0,0
2024-01-10 01:00:00,10.0,0.0,3.025,79.5,0.0,0.0,0.0,32.158,0.0,0.0,0
2024-01-10 02:00:00,9.65,0.0,3.125,79.5,0.0,0.0,0.0,86.382,0.0,0.0,0
2024-01-10 03:00:00,9.375,0.567,4.375,78.25,0.0,0.0,0.0,118.798,0.0,0.0,0
2024-01-10 04:00:00,8.8,0.0,5.3,78.5,0.0,0.0,0.0,167.859,0.0,0.0,0
2024-01-10 05:00:00,7.9,0.0,4.925,77.75,0.0,0.0,0.0,201.976,0.0,0.0,0
2024-01-10 06:00:00,7.475,0.225,5.25,74.5,0.0,0.0,0.0,215.633,0.0,0.0,0
2024-01-10 07:00:00,6.95,0.0,5.25,72.75,0.0,0.0,0.386,224.905,0.0,0.0,0
2024-01-10 08:00:00,6.7,0.0,6.1,67.75,0.0,0.005,22.121,233.861,0.0,0.0,0
2024-01-10 09:00:00,6.95,0.0,5.95,65.5,0.35,0.065,67.419,226.021,0.0,0.0,0
2024-01-10 10:00:00,7.3,0.0,6.45,64.0,0.5,0.135,129.628,193.403,0.0,0.0,0
2024-01-10 11:00:00,7.6,0.0,6.2,60.0,0.7,0.955,172.187,177.619,0.0,0.0,0
2024-01-10 12:00:00,7.35,0.0,4.775,58.25,0.35,0.94,229.418,169.722,0.0,0.0,0
2024-01-10 13:00:00,7.5,0.0,5.775,53.25,0.5,1.39,228.689,147.862,0.0,25.0,1
2024-01-10 14:00:00,8.275,0.0,6.1,54.5,0.725,1.41,181.156,203.18,0.0,42.0,1
2024-01-10 15:00:00,7.875,0.0,5.725,54.75,0.725,1.18,128.198,220.793,0.0,5.0,1
2024-01-10 16:00:00,7.625,0.0,5.6,53.25,0.625,0.585,54.028,228.657,0.0,0.0,0
2024-01-10 17:00:00,6.8,0.0,6.15,57.5,0.575,0.275,7.565,230.632,0.0,0.0,0
2024-01-10 18:00:00,6.05,0.0,5.775,59.75,0.225,0.045,3.555,231.883,0.0,0.0,0
2024-01-10 19:00:00,5.75,0.0,5.3,58.5,0.0,0.0,4.739,214.584,0.0,0.0,0
2024-01-10 20:00:00,5.5,0.0,5.25,60.0,0.0,0.0,2.099,205.742,0.0,0.0,0
2024-01-10 21:00:00,5.175,0.0,4.35,62.25,0.0,0.0,0.34,176.796,0.0,0.0,0
2024-01-10 22:00:00,4.975,0.0,4.525,62.75,0.0,0.0,0.002,147.143,0.0,0.0,0
2024-01-10 23:00:00,4.625,0.0,4.05,63.25,0.0,0.0,0.0,103.098,0.0,0.0,0
2024-01-11 00:00:00,4.625,0.0,3.725,66.0,0.0,0.0,0.0,88.115,0.0,0.0,0
2024-01-14 01:00:00,4.7,0.0,2.6,65.75,0.0,0.0,0.001,31.199,0.0,0.0,0
2024-01-14 02:00:00,4.825,0.0,3.05,65.25,0.0,0.0,0.0,69.067,0.0,0.0,0
2024-01-14 03:00:00,5.475,0.0,2.9,64.75,0.0,0.0,0.0,71.777,0.0,0.0,0
2024-01-14 04:00:00,6.05,0.0,3.05,66.75,0.0,0.0,0.0,57.18,0.0,0.0,0
2024-01-14 05:00:00,6.625,0.0,2.7,68.25,0.0,0.0,0.0,62.129,0.0,0.0,0
2024-01-14 06:00:00,6.9,0.0,2.825,69.75,0.0,0.0,0.0,64.284,0.0,0.0,0
2024-01-14 07:00:00,6.6,0.0,2.65,71.5,0.0,0.0,0.806,78.81,0.0,0.0,0
2024-01-14 08:00:00,7.25,0.0,2.85,72.25,0.0,0.03,34.202,72.607,0.0,0.0,0
2024-01-14 09:00:00,9.925,0.0,3.0,64.0,0.625,0.35,134.469,80.579,0.0,0.0,0
2024-01-14 10:00:00,13.15,0.0,2.9,55.75,0.925,1.06,227.507,108.419,0.0,0.0,0
2024-01-14 11:00:00,15.125,0.0,4.45,51.25,1.0,1.62,281.82,97.301,0.0,0.0,0
2024-01-14 12:00:00,15.475,0.0,5.2,51.75,1.0,1.995,293.809,82.876,0.0,15.0,1
2024-01-14 13:00:00,15.55,0.0,5.2,53.5,0.95,2.17,268.358,86.496,0.0,39.0,1
2024-01-14 14:00:00,15.9,0.0,6.975,54.5,0.85,1.95,219.379,123.901,0.0,32.0,1
2024-01-14 15:00:00,15.5,0.0,5.85,59.5,0.825,1.675,155.882,115.516,0.0,0.0,0
2024-01-14 16:00:00,15.45,0.0,5.8,60.25,0.85,1.185,59.121,100.843,0.0,0.0,0
2024-01-14 17:00:00,14.7,0.0,6.35,65.75,0.625,0.585,8.992,89.297,0.0,0.0,0
2024-01-14 18:00:00,14.025,0.0,5.925,71.25,0.1,0.09,4.063,102.818,0.0,0.0,0
2024-01-14 19:00:00,13.975,0.0,5.975,72.75,0.0,0.0,5.805,67.899,0.0,0.0,0
2024-01-14 20:00:00,13.45,0.0,6.0,77.5,0.0,0.0,4.725,94.355,0.0,0.0,0
2024-01-14 21:00:00,12.45,0.15,5.425,78.5,0.0,0.0,2.628,133.831,0.0,0.0,0
2024-01-14 22:00:00,11.2,0.0,5.775,78.5,0.0,0.0,0.367,151.142,0.0,0.0,0
2024-01-14 23:00:00,10.2,0.0,5.475,78.75,0.0,0.0,0.0,184.15,0.0,0.0,0
2024-01-15 00:00:00,9.275,0.0,5.75,78.0,0.0,0.0,0.0,191.84,0.0,0.0,0
2024-01-15 01:00:00,8.65,0.0,5.625,75.25,0.0,0.0,0.001,192.812,0.0,0.0,0
2024-01-15 02:00:00,8.1,0.0,6.1,74.25,0.0,0.0,0.0,189.043,0.0,0.0,0
2024-01-15 03:00:00,7.5,0.0,5.725,72.25,0.0,0.0,0.0,194.482,0.0,0.0,0
2024-01-15 04:00:00,6.85,0.0,5.9,68.0,0.0,0.0,0.0,200.069,0.0,0.0,0
2024-01-15 05:00:00,6.375,0.0,5.575,65.0,0.0,0.0,0.0,237.764,0.0,0.0,0
2024-01-15 06:00:00,5.7,0.0,5.55,64.25,0.0,0.0,0.0,245.265,0.0,0.0,0
2024-01-15 07:00:00,5.575,0.0,5.875,63.75,0.0,0.0,1.055,241.953,0.0,0.0,0
2024-01-15 08:00:00,5.55,0.0,4.85,60.0,0.0,0.005,39.588,226.465,0.0,0.0,0
2024-01-15 09:00:00,5.925,0.0,5.725,57.75,0.575,0.21,144.36,224.829,0.0,0.0,0
2024-01-15 10:00:00,6.5,0.0,5.425,55.0,0.85,0.82,231.506,225.581,0.0,0.0,0
2024-01-15 11:00:00,7.225,0.0,6.525,49.75,0.9,1.49,294.505,149.312,0.0,8.0,1
2024-01-15 12:00:00,7.6,0.0,5.6,50.5,0.95,1.94,318.363,92.93,0.0,76.0,1
2024-01-15 13:00:00,8.225,0.0,6.575,48.25,0.95,2.115,306.757,112.528,0.0,132.0,1
2024-01-15 14:00:00,8.175,0.0,6.1,48.25,0.975,2.105,276.635,145.946,0.0,97.0,1
2024-01-15 15:00:00,8.3,0.0,5.275,46.5,0.9,1.74,206.156,195.723,0.0,60.0,1
2024-01-15 16:00:00,8.125,0.0,5.45,51.0,0.975,1.32,83.764,211.558,0.0,6.0,1
2024-01-15 17:00:00,7.475,0.0,4.95,54.0,0.825,0.615,10.797,186.357,0.0,0.0,0
2024-01-15 18:00:00,6.5,0.0,4.825,53.75,0.375,0.11,4.432,232.353,0.0,0.0,0
2024-01-15 19:00:00,5.9,0.0,4.35,57.5,0.0,0.0,6.892,218.275,0.0,0.0,0
2024-01-15 20:00:00,5.675,0.0,4.275,56.5,0.0,0.0,5.62,211.967,0.0,0.0,0
2024-01-15 21:00:00,5.45,0.0,5.15,53.75,0.0,0.0,3.438,189.703,0.0,0.0,0
2024-01-15 22:00:00,5.225,0.0,4.175,53.75,0.0,0.0,0.889,172.837,0.0,0.0,0
2024-01-15 23:00:00,5.0,0.0,3.4,53.5,0.0,0.0,0.0,155.275,0.0,0.0,0
2024-01-16 00:00:00,4.7,0.0,3.7,51.75,0.0,0.0,0.0,119.259,0.0,0.0,0
2024-01-17 01:00:00,8.95,0.0,2.025,65.75,0.0,0.0,0.001,10.21,0.0,0.0,0
2024-01-17 02:00:00,8.65,0.0,1.925,67.5,0.0,0.0,0.0,18.582,0.0,0.0,0
2024-01-17 03:00:00,9.375,0.0,2.275,65.25,0.0,0.0,0.0,26.077,0.0,0.0,0
2024-01-17 04:00:00,9.525,0.0,2.35,64.75,0.0,0.0,0.0,28.423,0.0,0.0,0
2024-01-17 05:00:00,10.05,0.0,2.575,64.75,0.0,0.0,0.0,38.584,0.0,0.0,0
2024-01-17 06:00:00,10.05,0.0,2.5,66.5,0.0,0.0,0.0,48.118,0.0,0.0,0
2024-01-17 07:00:00,10.475,0.0,3.225,66.5,0.0,0.0,0.254,39.886,0.0,0.0,0
2024-01-17 08:00:00,11.075,0.0,3.325,64.0,0.0,0.005,13.85,37.605,0.0,0.0,0
2024-01-17 09:00:00,12.025,0.0,3.175,61.75,0.025,0.13,40.218,32.472,0.0,0.0,0
2024-01-17 10:00:00,13.175,0.0,3.4,60.25,0.075,0.345,97.782,36.25,0.0,0.0,0
2024-01-17 11:00:00,14.7,0.0,3.325,57.75,0.325,0.995,139.559,40.284,0.0,0.0,0
2024-01-17 12:00:00,16.025,0.0,4.0,55.5,0.3,1.625,186.028,54.961,0.0,0.0,0
2024-01-17 13:00:00,16.3,0.0,5.0,56.25,0.4,1.465,202.805,90.483,0.0,0.0,0
2024-01-17 14:00:00,16.65,0.0,4.55,57.5,0.575,1.57,198.761,102.548,0.0,10.0,1
2024-01-17 15:00:00,16.975,0.0,4.825,58.5,0.375,1.49,107.476,84.276,0.0,8.0,1
2024-01-17 16:00:00,16.925,0.0,5.05,61.25,0.15,0.645,57.656,92.355,0.0,0.0,0
2024-01-17 17:00:00,16.725,0.0,5.0,63.25,0.45,0.475,13.135,95.71,0.0,0.0,0
2024-01-17 18:00:00,16.025,0.0,4.575,66.0,0.45,0.14,4.427,90.42,0.0,0.0,0
2024-01-17 19:00:00,15.325,0.0,3.425,71.0,0.0,0.0,6.947,96.733,0.0,0.0,0
2024-01-17 20:00:00,15.2,0.0,3.95,72.25,0.0,0.0,5.436,97.278,0.0,0.0,0
2024-01-17 21:00:00,15.15,0.0,3.55,73.25,0.0,0.0,1.735,83.827,0.0,0.0,0
2024-01-17 22:00:00,15.1,0.0,3.525,74.5,0.0,0.0,0.215,76.871,0.0,0.0,0
2024-01-17 23:00:00,15.4,0.0,3.45,77.5,0.0,0.0,0.0,71.144,0.0,0.0,0
2024-01-18 00:00:00,15.475,0.0,3.25,78.25,0.0,0.0,0.0,72.109,0.0,0.0,0
2024-01-27 01:00:00,4.85,0.0,4.2,65.25,0.0,0.0,0.001,72.576,0.0,0.0,0
2024-01-27 02:00:00,4.625,0.0,3.3,65.5,0.0,0.0,0.0,70.812,0.0,0.0,0
2024-01-27 03:00:00,4.325,0.0,3.475,66.0,0.0,0.0,0.0,75.533,0.0,0.0,0
2024-01-27 04:00:00,4.425,0.0,4.775,66.5,0.0,0.0,0.0,64.036,0.0,0.0,0
2024-01-27 05:00:00,4.225,0.0,3.9,67.25,0.0,0.0,0.0,60.995,0.0,0.0,0
2024-01-27 06:00:00,4.25,0.0,3.775,67.5,0.0,0.0,0.0,50.747,0.0,0.0,0
2024-01-27 07:00:00,4.45,0.0,3.125,66.75,0.0,0.0,0.597,48.326,0.0,0.0,0
2024-01-27 08:00:00,4.625,0.0,2.75,65.25,0.0,0.0,17.639,51.275,0.0,0.0,0
2024-01-27 09:00:00,5.825,0.0,2.85,60.5,0.225,0.085,53.415,45.878,0.0,0.0,0
2024-01-27 10:00:00,7.025,0.0,2.95,55.0,0.275,0.395,149.363,36.518,0.0,0.0,0
2024-01-27 11:00:00,7.9,0.0,3.925,53.25,0.575,0.855,218.446,51.405,0.0,0.0,0
2024-01-27 12:00:00,8.45,0.0,3.75,49.0,0.8,1.485,270.145,62.043,0.0,0.0,0
2024-01-27 13:00:00,8.6,0.0,3.75,50.0,0.875,1.76,265.076,69.193,0.0,6.0,1
2024-01-27 14:00:00,9.225,0.0,4.0,50.25,0.875,1.79,213.949,81.965,0.0,16.0,1
2024-01-27 15:00:00,9.175,0.0,3.6,50.75,0.8,1.415,148.118,70.01,0.0,0.0,0
2024-01-27 16:00:00,8.675,0.0,3.6,52.5,0.675,0.8,68.473,62.733,0.0,0.0,0
2024-01-27 17:00:00,8.1,0.0,3.825,55.5,0.375,0.38,13.304,93.27,0.0,0.0,0
2024-01-27 18:00:00,7.275,0.0,4.5,58.75,0.2,0.045,4.604,102.137,0.0,0.0,0
2024-01-27 19:00:00,6.775,0.0,5.075,58.25,0.0,0.0,7.122,94.287,0.0,0.0,0
2024-01-27 20:00:00,6.675,0.0,3.85,58.0,0.0,0.0,5.385,104.619,0.0,0.0,0
2024-01-27 21:00:00,6.8,0.0,3.775,57.0,0.0,0.0,2.476,97.364,0.0,0.0,0
2024-01-27 22:00:00,6.675,0.0,3.175,59.75,0.0,0.0,0.55,85.38,0.0,0.0,0
2024-01-27 23:00:00,6.425,0.0,3.6,59.25,0.0,0.0,0.0,74.925,0.0,0.0,0
2024-01-28 00:00:00,6.525,0.0,3.075,59.75,0.0,0.0,0.0,50.321,0.0,0.0,0
2024-01-28 01:00:00,6.5,0.0,3.85,62.5,0.0,0.0,0.001,72.185,0.0,0.0,0
2024-01-28 02:00:00,6.45,0.0,4.15,62.75,0.0,0.0,0.0,83.783,0.0,0.0,0
2024-01-28 03:00:00,6.3,0.0,4.3,60.5,0.0,0.0,0.0,110.366,0.0,0.0,0
2024-01-28 04:00:00,6.175,0.0,4.35,60.5,0.0,0.0,0.0,115.282,0.0,0.0,0
2024-01-28 05:00:00,5.725,0.0,4.975,68.0,0.0,0.0,0.001,132.005,0.0,0.0,0
2024-01-28 06:00:00,5.7,0.05,5.75,65.0,0.0,0.0,0.0,140.543,0.0,0.0,0
2024-01-28 07:00:00,5.775,0.0,6.175,61.75,0.0,0.0,0.794,171.063,0.0,0.0,0
2024-01-28 08:00:00,5.225,0.0,5.825,66.75,0.0,0.01,38.069,150.494,0.0,0.0,0
2024-01-28 09:00:00,5.75,0.2,5.375,59.25,0.475,0.195,119.242,134.574,0.0,0.0,0
2024-01-28 10:00:00,6.225,0.0,5.3,57.75,0.475,0.395,172.053,114.024,0.0,0.0,0
2024-01-28 11:00:00,6.475,0.0,5.225,54.25,0.6,0.9,224.837,128.639,0.0,0.0,0
2024-01-28 12:00:00,6.925,0.0,5.95,51.0,0.625,1.06,258.648,112.38,0.0,0.0,0
2024-01-28 13:00:00,7.4,0.0,4.85,50.25,0.7,1.425,274.529,84.042,0.0,44.0,1
2024-01-28 14:00:00,7.7,0.0,4.75,49.25,0.725,1.54,256.154,80.406,0.0,70.0,1
2024-01-28 15:00:00,8.15,0.0,5.15,47.5,0.775,1.395,193.62,126.727,0.0,58.0,1
2024-01-28 16:00:00,7.425,0.0,5.25,49.25,0.675,0.87,96.142,144.914,0.0,2.0,1
2024-01-28 17:00:00,7.025,0.0,4.625,51.5,0.6,0.39,17.737,112.438,0.0,0.0,0
2024-01-28 18:00:00,6.225,0.0,4.45,55.0,0.325,0.085,4.594,105.355,0.0,0.0,0
2024-01-28 19:00:00,5.7,0.0,3.55,57.0,0.0,0.01,6.937,142.513,0.0,0.0,0
2024-01-28 20:00:00,5.225,0.0,4.0,59.5,0.0,0.0,4.597,132.225,0.0,0.0,0
2024-01-28 21:00:00,4.9,0.0,3.875,61.25,0.0,0.0,2.328,73.277,0.0,0.0,0
2024-01-28 22:00:00,4.15,0.0,3.3,64.0,0.0,0.0,0.489,47.254,0.0,0.0,0
2024-01-28 23:00:00,4.2,0.0,3.075,65.0,0.0,0.0,0.0,25.238,0.0,0.0,0
2024-01-29 00:00:00,3.9,0.0,2.825,65.0,0.0,0.0,0.0,25.331,0.0,0.0,0
2024-02-13 01:00:00,8.95,0.0,3.625,69.75,0.0,0.0,0.001,101.841,0.0,0.0,0
2024-02-13 02:00:00,9.375,0.0,3.525,71.0,0.0,0.0,0.0,106.192,0.0,0.0,0
2024-02-13 03:00:00,9.525,0.0,3.75,71.25,0.0,0.0,0.0,117.714,0.0,0.0,0
2024-02-13 04:00:00,9.625,0.0,4.075,71.75,0.0,0.0,0.0,108.09,0.0,0.0,0
2024-02-13 05:00:00,9.6,0.0,3.75,71.25,0.0,0.0,0.0,121.511,0.0,0.0,0
2024-02-13 06:00:00,9.45,0.0,3.55,72.0,0.0,0.0,0.025,126.748,0.0,0.0,0
2024-02-13 07:00:00,9.775,0.0,4.3,72.25,0.0,0.0,2.833,87.281,0.0,0.0,0
2024-02-13 08:00:00,10.275,0.0,4.05,70.75,0.05,0.025,44.566,85.26,0.0,0.0,0
2024-02-13 09:00:00,11.6,0.0,4.925,65.75,0.375,0.415,124.413,102.944,0.0,0.0,0
2024-02-13 10:00:00,13.7,0.0,4.675,62.0,0.65,1.2,208.625,119.4,0.0,0.0,0
2024-02-13 11:00:00,14.975,0.0,5.425,59.75,0.75,1.875,263.196,118.973,0.0,0.0,0
2024-02-13 12:00:00,15.675,0.0,5.05,59.5,0.825,2.23,292.257,111.444,0.0,0.0,0
2024-02-13 13:00:00,16.025,0.0,5.375,55.5,0.95,2.42,318.663,92.77,0.0,0.0,0
2024-02-13 14:00:00,16.775,0.0,4.775,53.25,1.0,2.39,261.385,119.222,0.0,30.0,1
2024-02-13 15:00:00,17.325,0.0,5.425,53.0,1.0,1.99,219.124,89.547,0.0,1.0,1
2024-02-13 16:00:00,17.225,0.0,5.525,54.75,1.0,1.625,140.102,79.252,0.0,0.0,0
2024-02-13 17:00:00,16.35,0.0,4.575,62.25,1.0,1.025,38.981,64.623,0.0,0.0,0
2024-02-13 18:00:00,15.175,0.0,2.775,67.5,0.7,0.3,5.434,72.506,0.0,0.0,0
2024-02-13 19:00:00,14.2,0.0,2.225,70.75,0.0,0.005,7.807,90.025,0.0,0.0,0
2024-02-13 20:00:00,14.1,0.0,3.25,72.5,0.0,0.0,7.025,94.75,0.0,0.0,0
2024-02-13 21:00:00,14.125,0.0,3.25,72.25,0.0,0.0,3.341,76.887,0.0,0.0,0
2024-02-13 22:00:00,14.125,0.0,3.35,73.5,0.0,0.0,0.665,78.558,0.0,0.0,0
2024-02-13 23:00:00,14.8,0.0,3.0,72.75,0.0,0.0,0.0,88.29,0.0,0.0,0
2024-02-14 00:00:00,15.2,0.0,3.525,73.75,0.0,0.0,0.0,87.307,0.0,0.0,0
2024-02-17 01:00:00,6.175,0.0,2.025,71.75,0.0,0.0,0.001,0.112,0.0,0.0,0
2024-02-17 02:00:00,5.85,0.0,2.15,74.75,0.0,0.0,0.0,0.18,0.0,0.0,0
2024-02-17 03:00:00,5.775,0.0,1.925,76.75,0.0,0.0,0.0,0.436,0.0,0.0,0
2024-02-17 04:00:00,5.775,0.0,1.975,76.5,0.0,0.0,0.0,1.5,0.0,0.0,0
2024-02-17 05:00:00,5.375,0.0,2.1,77.25,0.0,0.0,0.0,4.412,0.0,0.0,0
2024-02-17 06:00:00,5.0,0.0,1.7,78.25,0.0,0.0,0.038,10.399,0.0,0.0,0
2024-02-17 07:00:00,4.775,0.0,2.3,77.5,0.0,0.0,5.795,8.592,0.0,0.0,0
2024-02-17 08:00:00,5.65,0.0,2.125,75.5,0.1,0.055,74.631,8.96,0.0,0.0,0
2024-02-17 09:00:00,8.6,0.0,1.7,70.25,0.65,0.51,166.847,3.098,0.0,0.0,0
2024-02-17 10:00:00,11.575,0.0,1.55,61.0,0.475,1.08,241.098,6.014,0.0,0.0,0
2024-02-17 11:00:00,13.05,0.0,2.8,53.25,0.65,1.715,299.652,5.189,0.0,0.0,0
2024-02-17 12:00:00,13.375,0.0,3.275,53.0,0.925,2.27,332.441,7.877,0.0,2.0,1
2024-02-17 13:00:00,13.775,0.0,3.525,52.0,1.0,2.575,338.745,6.834,0.0,6.0,1
2024-02-17 14:00:00,13.725,0.0,4.225,55.0,1.0,2.665,316.009,18.857,0.0,12.0,1
2024-02-17 15:00:00,13.9,0.0,3.625,54.5,1.0,2.37,259.051,35.509,0.0,6.0,1
2024-02-17 16:00:00,13.85,0.0,3.425,53.0,1.0,1.86,167.258,41.367,0.0,0.0,0
2024-02-17 17:00:00,13.25,0.0,3.7,55.75,1.0,1.165,53.646,39.362,0.0,0.0,0
2024-02-17 18:00:00,12.125,0.0,3.05,61.5,0.8,0.395,6.195,46.57,0.0,0.0,0
2024-02-17 19:00:00,10.975,0.0,2.375,66.5,0.025,0.01,8.192,32.471,0.0,0.0,0
2024-02-17 20:00:00,10.1,0.0,2.5,69.25,0.0,0.0,7.408,46.286,0.0,0.0,0
2024-02-17 21:00:00,9.8,0.0,2.725,71.75,0.0,0.0,4.682,48.79,0.0,0.0,0
2024-02-17 22:00:00,9.7,0.0,3.075,72.25,0.0,0.0,0.901,47.692,0.0,0.0,0
2024-02-17 23:00:00,9.625,0.0,3.075,73.0,0.0,0.0,0.0,66.236,0.0,0.0,0
2024-02-18 00:00:00,9.85,0.0,3.425,73.0,0.0,0.0,0.0,103.187,0.0,0.0,0
2024-02-26 01:00:00,6.55,0.0,3.875,77.0,0.0,0.0,0.0,86.157,0.0,0.0,0
2024-02-26 02:00:00,6.525,0.0,3.825,75.5,0.0,0.0,0.0,53.001,0.0,0.0,0
2024-02-26 03:00:00,6.45,0.0,3.7,74.25,0.0,0.0,0.0,48.76,0.0,0.0,0
2024-02-26 04:00:00,6.225,0.0,3.9,76.0,0.0,0.0,0.0,62.3,0.0,0.0,0
2024-02-26 05:00:00,6.175,0.0,3.725,73.75,0.0,0.0,0.0,100.151,0.0,0.0,0
2024-02-26 06:00:00,5.925,0.0,4.25,74.25,0.0,0.0,0.022,112.153,0.0,0.0,0
2024-02-26 07:00:00,5.875,0.0,4.15,73.25,0.0,0.0,5.431,114.189,0.0,0.0,0
2024-02-26 08:00:00,6.05,0.0,4.25,71.25,0.125,0.05,47.151,100.079,0.0,0.0,0
2024-02-26 09:00:00,6.75,0.0,4.3,67.75,0.2,0.295,124.567,96.919,0.0,0.0,0
2024-02-26 10:00:00,7.925,0.0,4.05,66.0,0.375,0.795,210.898,92.278,0.0,0.0,0
2024-02-26 11:00:00,8.375,0.0,3.825,62.0,0.525,1.29,288.112,68.969,0.0,0.0,0
2024-02-26 12:00:00,8.8,0.0,3.975,59.0,0.725,2.395,327.175,54.274,0.0,0.0,0
2024-02-26 13:00:00,9.15,0.0,4.075,60.25,0.675,2.73,314.387,44.471,0.0,0.0,0
2024-02-26 14:00:00,9.1,0.0,4.675,61.25,0.65,2.78,309.564,40.92,0.0,0.0,0
2024-02-26 15:00:00,9.275,0.0,4.375,59.0,0.7,2.56,246.161,47.378,0.0,0.0,0
2024-02-26 16:00:00,9.45,0.0,4.65,58.75,0.875,1.9,164.906,37.993,0.0,0.0,0
2024-02-26 17:00:00,9.325,0.0,4.275,55.5,0.975,1.26,58.491,33.82,0.0,0.0,0
2024-02-26 18:00:00,8.575,0.0,3.175,55.5,0.5,0.43,6.796,36.49,0.0,0.0,0
2024-02-26 19:00:00,7.5,0.0,2.4,60.5,0.0,0.02,7.839,32.93,0.0,0.0,0
2024-02-26 20:00:00,7.275,0.0,2.15,63.0,0.0,0.0,7.069,24.53,0.0,0.0,0
2024-02-26 21:00:00,7.1,0.0,2.8,64.75,0.0,0.0,4.603,27.08,0.0,0.0,0
2024-02-26 22:00:00,7.0,0.0,2.425,66.0,0.0,0.0,0.867,25.245,0.0,0.0,0
2024-02-26 23:00:00,7.05,0.0,2.5,68.5,0.0,0.0,0.0,16.537,0.0,0.0,0
2024-02-27 00:00:00,7.925,0.0,3.025,66.5,0.0,0.0,0.0,14.839,0.0,0.0,0
2024-03-07 01:00:00,7.8,0.0,3.225,75.5,0.0,0.0,0.001,69.075,0.0,0.0,0
2024-03-07 02:00:00,7.35,0.0,3.075,76.75,0.0,0.0,0.0,74.651,0.0,0.0,0
2024-03-07 03:00:00,7.35,0.0,4.1,75.25,0.0,0.0,0.0,105.331,0.0,0.0,0
2024-03-07 04:00:00,7.15,0.0,4.2,73.75,0.0,0.0,0.0,108.398,0.0,0.0,0
2024-03-07 05:00:00,6.825,0.0,4.075,73.25,0.0,0.0,0.0,141.832,0.0,0.0,0
2024-03-07 06:00:00,6.75,0.0,4.375,73.0,0.0,0.0,0.106,150.183,0.0,0.0,0
2024-03-07 07:00:00,6.7,0.0,3.6,73.0,0.0,0.0,17.689,115.29,0.0,0.0,0
2024-03-07 08:00:00,7.175,0.0,3.775,68.75,0.225,0.12,91.875,116.156,0.0,0.0,0
2024-03-07 09:00:00,8.45,0.0,3.575,64.75,0.8,0.64,192.82,89.045,0.0,0.0,0
2024-03-07 10:00:00,9.525,0.0,3.75,59.0,0.95,1.475,275.485,81.148,0.0,0.0,0
2024-03-07 11:00:00,10.15,0.0,4.55,55.25,1.0,2.225,319.183,53.978,0.0,0.0,0
2024-03-07 12:00:00,10.775,0.0,5.625,49.75,1.0,2.625,281.07,61.931,0.0,55.0,1
2024-03-07 13:00:00,10.625,0.0,5.55,46.25,0.95,2.82,239.441,141.595,0.0,61.0,1
2024-03-07 14:00:00,10.475,0.0,6.65,44.75,0.725,2.44,257.77,117.803,0.0,9.0,1
2024-03-07 15:00:00,10.175,0.0,5.7,49.0,0.775,2.16,213.641,155.488,0.0,79.0,1
2024-03-07 16:00:00,10.125,0.0,6.2,47.25,1.0,1.74,120.705,184.882,0.0,42.0,1
2024-03-07 17:00:00,9.125,0.0,6.95,47.25,0.65,0.845,39.368,193.383,0.0,0.0,0
2024-03-07 18:00:00,7.95,0.0,6.475,48.75,0.025,0.26,8.34,222.6,0.0,0.0,0
2024-03-07 19:00:00,7.25,0.0,5.95,49.5,0.0,0.025,7.813,246.121,0.0,0.0,0
2024-03-07 20:00:00,6.7,0.0,5.775,52.75,0.0,0.0,6.937,231.947,0.0,0.0,0
2024-03-07 21:00:00,6.475,0.0,4.875,50.75,0.0,0.0,4.452,221.428,0.0,0.0,0
2024-03-07 22:00:00,6.05,0.0,4.975,54.5,0.0,0.0,0.716,231.042,0.0,0.0,0
2024-03-07 23:00:00,5.9,0.0,4.975,55.25,0.0,0.0,0.0,218.232,0.0,0.0,0
2024-03-08 00:00:00,5.9,0.0,4.075,57.75,0.0,0.0,0.0,206.371,0.0,0.0,0
2024-03-08 01:00:00,5.975,0.0,5.425,57.0,0.0,0.0,0.001,205.526,0.0,0.0,0
2024-03-08 02:00:00,5.975,0.0,3.9,57.75,0.0,0.0,0.0,201.034,0.0,0.0,0
2024-03-08 03:00:00,6.225,0.0,3.975,56.25,0.0,0.0,0.0,183.408,0.0,0.0,0
2024-03-08 04:00:00,6.0,0.0,3.95,56.0,0.0,0.0,0.0,182.616,0.0,0.0,0
2024-03-08 05:00:00,5.875,0.0,3.425,54.5,0.0,0.0,0.0,192.234,0.0,0.0,0
2024-03-08 06:00:00,5.85,0.0,3.8,55.25,0.0,0.0,0.1,174.904,0.0,0.0,0
2024-03-08 07:00:00,6.225,0.0,4.1,51.75,0.0,0.0,15.848,165.156,0.0,0.0,0
2024-03-08 08:00:00,6.8,0.0,4.025,55.5,0.175,0.105,69.057,154.45,0.0,0.0,0
2024-03-08 09:00:00,7.65,0.0,4.825,51.0,0.625,0.515,138.246,145.0,0.0,0.0,0
2024-03-08 10:00:00,8.3,0.0,4.875,51.25,0.65,1.165,183.247,168.268,0.0,0.0,0
2024-03-08 11:00:00,9.675,0.0,5.225,44.0,0.725,1.81,283.466,147.835,0.0,0.0,0
2024-03-08 12:00:00,9.575,0.0,4.925,39.5,0.9,2.37,336.401,93.887,0.0,8.0,1
2024-03-08 13:00:00,9.675,0.0,5.325,39.75,0.975,2.97,352.357,75.497,0.0,57.0,1
2024-03-08 14:00:00,10.075,0.0,5.775,37.75,0.975,2.925,338.427,87.283,0.0,82.0,1
2024-03-08 15:00:00,9.9,0.0,6.15,37.5,1.0,2.615,265.405,161.18,0.0,96.0,1
2024-03-08 16:00:00,8.975,0.0,6.975,43.25,0.975,1.96,152.289,229.09,0.0,39.0,1
2024-03-08 17:00:00,8.275,0.0,7.325,48.75,0.8,1.08,46.9,229.064,0.0,0.0,0
2024-03-08 18:00:00,7.4,0.0,6.95,49.25,0.45,0.365,8.245,236.902,0.0,0.0,0
2024-03-08 19:00:00,7.1,0.0,6.05,52.75,0.025,0.03,7.837,232.507,0.0,0.0,0
2024-03-08 20:00:00,7.0,0.0,6.4,50.25,0.0,0.0,7.076,204.009,0.0,0.0,0
2024-03-08 21:00:00,6.75,0.0,6.475,51.0,0.0,0.0,4.495,196.832,0.0,0.0,0
2024-03-08 22:00:00,6.675,0.0,6.75,52.0,0.0,0.0,0.812,198.476,0.0,0.0,0
2024-03-08 23:00:00,6.45,0.0,6.2,53.5,0.0,0.0,0.0,197.061,0.0,0.0,0
2024-03-09 00:00:00,6.05,0.0,5.925,52.75,0.0,0.0,0.0,191.344,0.0,0.0,0
2024-03-09 01:00:00,5.925,0.0,6.325,53.25,0.0,0.0,0.001,184.504,0.0,0.0,0
2024-03-09 02:00:00,5.675,0.0,5.6,54.25,0.0,0.0,0.001,182.928,0.0,0.0,0
2024-03-09 03:00:00,4.975,0.0,5.175,57.25,0.0,0.0,0.0,173.524,0.0,0.0,0
2024-03-09 04:00:00,4.7,0.0,5.075,57.75,0.0,0.0,0.0,161.1,0.0,0.0,0
2024-03-09 05:00:00,4.55,0.0,5.525,57.25,0.0,0.0,0.0,162.998,0.0,0.0,0
2024-03-09 06:00:00,4.325,0.0,5.075,59.25,0.0,0.0,0.116,147.506,0.0,0.0,0
2024-03-09 07:00:00,4.5,0.0,4.675,60.25,0.0,0.005,17.207,130.035,0.0,0.0,0
2024-03-09 08:00:00,5.1,0.0,3.95,56.5,0.275,0.135,89.139,122.943,0.0,0.0,0
2024-03-09 09:00:00,6.275,0.0,4.375,53.75,0.525,0.55,191.976,134.552,0.0,0.0,0
2024-03-09 10:00:00,7.125,0.0,4.15,52.25,0.775,1.445,269.542,127.586,0.0,0.0,0
2024-03-09 11:00:00,7.55,0.0,4.525,49.0,0.85,2.025,335.565,66.973,0.0,0.0,0
2024-03-09 12:00:00,7.775,0.0,4.25,47.0,0.825,2.4,366.296,9.924,0.0,46.0,1
2024-03-09 13:00:00,8.45,0.0,4.875,48.0,0.975,2.985,362.702,7.422,0.0,119.0,1
2024-03-09 14:00:00,8.8,0.0,4.725,46.0,0.975,3.01,333.994,30.739,0.0,117.0,1
2024-03-09 15:00:00,9.225,0.0,4.95,46.0,0.95,2.54,271.593,75.532,0.0,70.0,1
2024-03-09 16:00:00,9.15,0.0,4.0,47.0,0.95,2.125,184.002,104.122,0.0,3.0,1
2024-03-09 17:00:00,8.675,0.0,4.8,48.75,0.925,1.365,75.771,115.097,0.0,0.0,0
2024-03-09 18:00:00,7.725,0.0,4.125,51.75,0.85,0.645,10.657,117.675,0.0,0.0,0
2024-03-09 19:00:00,6.65,0.0,3.925,53.25,0.175,0.08,7.821,107.918,0.0,0.0,0
2024-03-09 20:00:00,6.175,0.0,4.375,58.0,0.0,0.0,7.124,101.504,0.0,0.0,0
2024-03-09 21:00:00,5.7,0.0,4.25,58.75,0.0,0.0,4.545,104.645,0.0,0.0,0
2024-03-09 22:00:00,5.55,0.0,3.975,61.25,0.0,0.0,1.017,91.786,0.0,0.0,0
2024-03-09 23:00:00,5.4,0.0,3.95,60.5,0.0,0.0,0.0,86.434,0.0,0.0,0
2024-03-10 00:00:00,4.775,0.0,2.95,63.25,0.0,0.0,0.0,76.853,0.0,0.0,0
2024-03-10 01:00:00,4.6,0.0,2.725,63.25,0.0,0.0,0.001,62.006,0.0,0.0,0
2024-03-10 02:00:00,4.275,0.0,3.1,65.5,0.0,0.0,0.0,73.769,0.0,0.0,0
2024-03-10 03:00:00,4.125,0.0,2.725,66.0,0.0,0.0,0.0,74.886,0.0,0.0,0
2024-03-10 04:00:00,3.25,0.0,2.675,68.75,0.0,0.0,0.0,75.963,0.0,0.0,0
2024-03-10 05:00:00,4.175,0.0,2.75,65.75,0.0,0.0,0.0,82.372,0.0,0.0,0
2024-03-10 06:00:00,3.875,0.0,2.85,67.25,0.0,0.0,0.245,60.688,0.0,0.0,0
2024-03-10 07:00:00,3.725,0.0,2.625,68.25,0.0,0.025,26.928,55.158,0.0,0.0,0
2024-03-10 08:00:00,5.275,0.0,2.65,59.75,0.675,0.305,128.564,33.082,0.0,0.0,0
2024-03-10 09:00:00,8.25,0.0,2.45,50.0,1.0,1.1,234.255,27.269,0.0,0.0,0
2024-03-10 10:00:00,10.075,0.0,2.675,44.5,1.0,1.885,305.145,16.171,0.0,0.0,0
2024-03-10 11:00:00,10.525,0.0,3.425,39.75,1.0,2.555,330.52,5.643,0.0,0.0,0
2024-03-10 12:00:00,10.95,0.0,4.025,39.5,1.0,2.985,318.248,3.071,0.0,14.0,1
2024-03-10 13:00:00,11.075,0.0,3.75,41.25,1.0,3.185,305.708,2.821,0.0,15.0,1
2024-03-10 14:00:00,11.55,0.0,3.625,40.75,1.0,3.13,291.425,4.768,0.0,15.0,1
2024-03-10 15:00:00,11.55,0.0,3.5,41.0,1.0,2.81,242.969,11.056,0.0,11.0,1
2024-03-10 16:00:00,11.525,0.0,3.25,42.25,1.0,2.27,162.454,4.418,0.0,0.0,0
2024-03-10 17:00:00,11.1,0.0,2.375,42.75,0.85,1.525,71.807,0.629,0.0,0.0,0
2024-03-10 18:00:00,10.6,0.0,2.0,42.5,0.85,0.725,11.775,8.973,0.0,0.0,0
2024-03-10 19:00:00,8.7,0.0,1.425,51.25,0.225,0.12,7.78,5.761,0.0,0.0,0
2024-03-10 20:00:00,7.55,0.0,1.775,55.0,0.0,0.0,7.202,2.15,0.0,0.0,0
2024-03-10 21:00:00,6.65,0.0,2.55,56.25,0.0,0.0,4.48,0.581,0.0,0.0,0
2024-03-10 22:00:00,6.55,0.0,2.025,54.0,0.0,0.0,0.873,3.555,0.0,0.0,0
2024-03-10 23:00:00,6.375,0.0,1.5,55.0,0.0,0.0,0.0,5.661,0.0,0.0,0
2024-03-11 00:00:00,6.375,0.0,1.725,58.25,0.0,0.0,0.0,13.725,0.0,0.0,0
2024-03-13 01:00:00,6.35,0.0,4.75,63.25,0.0,0.0,0.001,145.967,0.0,0.0,0
2024-03-13 02:00:00,6.525,0.0,5.475,62.0,0.0,0.0,0.0,167.103,0.0,0.0,0
2024-03-13 03:00:00,6.425,0.0,5.75,60.25,0.0,0.0,0.0,193.625,0.0,0.0,0
2024-03-13 04:00:00,6.65,0.0,4.75,58.25,0.0,0.0,0.0,163.261,0.0,0.0,0
2024-03-13 05:00:00,6.475,0.0,4.375,62.0,0.0,0.0,0.0,122.456,0.0,0.0,0
2024-03-13 06:00:00,6.125,0.0,3.875,65.5,0.0,0.0,0.345,129.678,0.0,0.0,0
2024-03-13 07:00:00,6.05,0.0,2.7,63.0,0.0,0.0,28.909,97.089,0.0,0.0,0
2024-03-13 08:00:00,7.25,0.0,2.875,60.25,0.75,0.265,128.552,64.07,0.0,0.0,0
2024-03-13 09:00:00,9.05,0.0,2.75,51.25,1.0,1.045,235.501,24.239,0.0,0.0,0
2024-03-13 10:00:00,10.2,0.0,3.3,46.5,1.0,1.86,309.414,21.36,0.0,0.0,0
2024-03-13 11:00:00,10.95,0.0,3.325,43.75,1.0,2.53,357.855,20.275,0.0,0.0,0
2024-03-13 12:00:00,11.325,0.0,3.825,42.5,1.0,2.97,375.356,11.267,0.0,0.0,0
2024-03-13 13:00:00,11.875,0.0,3.35,42.5,1.0,3.125,366.132,11.417,0.0,11.0,1
2024-03-13 14:00:00,12.625,0.0,3.725,41.0,1.0,3.06,337.676,16.117,0.0,8.0,1
2024-03-13 15:00:00,13.15,0.0,4.425,43.75,1.0,2.765,268.353,18.545,0.0,0.0,0
2024-03-13 16:00:00,12.925,0.0,3.8,42.0,1.0,2.105,154.224,19.221,0.0,0.0,0
2024-03-13 17:00:00,12.3,0.0,3.075,42.25,1.0,1.255,59.204,36.921,0.0,0.0,0
2024-03-13 18:00:00,10.725,0.0,3.9,49.0,0.425,0.46,9.743,65.453,0.0,0.0,0
2024-03-13 19:00:00,9.75,0.0,3.35,51.25,0.0,0.045,7.456,74.962,0.0,0.0,0
2024-03-13 20:00:00,9.325,0.0,2.65,55.5,0.0,0.0,6.781,50.337,0.0,0.0,0
2024-03-13 21:00:00,9.4,0.0,3.2,55.5,0.0,0.0,4.347,40.585,0.0,0.0,0
2024-03-13 22:00:00,9.125,0.0,3.8,56.75,0.0,0.0,0.867,35.002,0.0,0.0,0
2024-03-13 23:00:00,8.725,0.0,2.475,57.0,0.0,0.0,0.0,38.969,0.0,0.0,0
2024-03-14 00:00:00,8.675,0.0,2.1,60.75,0.0,0.0,0.0,30.141,0.0,0.0,0
2024-03-16 01:00:00,9.625,0.0,2.275,54.25,0.0,0.0,0.002,0.956,0.0,0.0,0
2024-03-16 02:00:00,9.425,0.0,1.9,48.25,0.0,0.0,0.001,0.181,0.0,0.0,0
2024-03-16 03:00:00,9.3,0.0,1.625,51.25,0.0,0.0,0.0,0.002,0.0,0.0,0
2024-03-16 04:00:00,9.175,0.0,1.875,53.75,0.0,0.0,0.0,0.212,0.0,0.0,0
2024-03-16 05:00:00,9.025,0.0,2.2,55.5,0.0,0.0,0.0,0.121,0.0,0.0,0
2024-03-16 06:00:00,8.85,0.0,2.4,56.5,0.0,0.0,0.454,0.185,0.0,0.0,0
2024-03-16 07:00:00,9.05,0.0,1.975,54.75,0.0,0.015,31.158,1.175,0.0,0.0,0
2024-03-16 08:00:00,10.15,0.0,1.85,57.0,0.725,0.36,129.831,0.587,0.0,0.0,0
2024-03-16 09:00:00,14.525,0.0,1.425,44.75,1.0,1.135,226.087,0.2,0.0,0.0,0
2024-03-16 10:00:00,15.9,0.0,3.05,42.25,1.0,1.89,289.997,5.424,0.0,0.0,0
2024-03-16 11:00:00,16.325,0.0,3.45,49.75,1.0,2.505,313.692,15.877,0.0,0.0,0
2024-03-16 12:00:00,16.625,0.0,3.55,52.25,0.85,2.49,285.18,15.549,0.0,4.0,1
2024-03-16 13:00:00,16.9,0.0,3.125,51.5,0.625,2.08,238.276,25.712,0.0,5.0,1
2024-03-16 14:00:00,17.0,0.0,3.2,55.75,0.45,1.685,135.869,26.309,0.0,0.0,0
2024-03-16 15:00:00,16.4,0.0,3.025,64.0,0.125,0.685,93.874,29.462,0.0,0.0,0
2024-03-16 16:00:00,16.1,0.0,3.225,65.25,0.1,1.005,38.091,24.238,0.0,0.0,0
2024-03-16 17:00:00,15.525,0.0,2.3,67.5,0.0,0.31,12.634,28.019,0.0,0.0,0
2024-03-16 18:00:00,15.3,0.0,2.225,70.5,0.0,0.1,5.784,65.499,0.0,0.0,0
2024-03-16 19:00:00,14.975,0.0,2.325,73.75,0.0,0.01,7.166,54.388,0.0,0.0,0
2024-03-16 20:00:00,14.325,0.0,3.325,79.0,0.0,0.0,4.718,36.502,0.0,0.0,0
2024-03-16 21:00:00,13.85,0.333,2.4,84.25,0.0,0.0,2.078,25.208,0.0,0.0,0
2024-03-16 22:00:00,13.725,0.0,2.375,86.25,0.0,0.0,0.298,38.286,0.0,0.0,0
2024-03-16 23:00:00,13.5,0.0,2.225,88.75,0.0,0.0,0.0,41.592,0.0,0.0,0
2024-03-17 00:00:00,13.4,0.633,1.725,91.25,0.0,0.0,0.0,33.422,0.0,0.0,0
2024-03-17 01:00:00,13.5,0.0,1.6,93.5,0.0,0.0,0.001,15.781,0.0,0.0,0
2024-03-17 02:00:00,13.45,0.0,1.225,93.25,0.0,0.0,0.0,8.387,0.0,0.0,0
2024-03-17 03:00:00,13.225,1.25,1.125,94.0,0.0,0.0,0.0,6.402,0.0,0.0,0
2024-03-17 04:00:00,13.325,0.0,1.2,94.5,0.0,0.0,0.0,2.39,0.0,0.0,0
2024-03-17 05:00:00,13.5,0.0,1.225,94.0,0.0,0.0,0.0,5.396,0.0,0.0,0
2024-03-17 06:00:00,13.625,0.075,1.475,92.5,0.0,0.0,0.036,11.324,0.0,0.0,0
2024-03-17 07:00:00,13.65,0.0,2.15,94.25,0.0,0.0,6.344,46.765,0.0,0.0,0
2024-03-17 08:00:00,13.6,0.0,3.775,95.25,0.0,0.04,37.012,120.953,0.0,0.0,0
2024-03-17 09:00:00,13.5,1.133,2.85,95.25,0.025,0.23,101.752,150.174,0.0,0.0,0
2024-03-17 10:00:00,14.175,0.0,3.975,91.5,0.1,0.59,148.854,188.061,0.0,0.0,0
2024-03-17 11:00:00,14.475,0.0,5.0,83.0,0.3,0.625,61.65,212.217,0.0,1.0,1
2024-03-17 12:00:00,13.875,0.0,5.425,83.0,0.05,0.3,144.667,216.552,0.0,0.0,0
2024-03-17 13:00:00,14.3,0.0,5.425,79.25,0.325,1.335,212.202,201.898,0.0,1.0,1
2024-03-17 14:00:00,14.15,0.0,6.125,75.0,0.4,1.21,190.821,221.923,0.0,15.0,1
2024-03-17 15:00:00,13.375,0.0,6.475,72.25,0.55,1.31,144.6,239.99,0.0,17.0,1
2024-03-17 16:00:00,12.85,0.0,6.1,63.75,0.375,1.525,105.501,246.634,0.0,0.0,0
2024-03-17 17:00:00,12.5,0.0,6.175,55.75,0.575,1.185,48.993,238.405,0.0,0.0,0
2024-03-17 18:00:00,11.6,0.0,5.975,54.25,0.2,0.42,9.088,250.192,0.0,0.0,0
2024-03-17 19:00:00,10.85,0.0,6.45,57.25,0.0,0.05,6.258,250.249,0.0,0.0,0
2024-03-17 20:00:00,10.4,0.0,6.575,54.75,0.0,0.0,2.664,230.624,0.0,0.0,0
2024-03-17 21:00:00,10.15,0.0,5.85,53.5,0.0,0.0,0.441,215.329,0.0,0.0,0
2024-03-17 22:00:00,9.575,0.0,5.05,55.75,0.0,0.0,0.003,222.507,0.0,0.0,0
2024-03-17 23:00:00,9.2,0.0,5.225,55.75,0.0,0.0,0.0,234.831,0.0,0.0,0
2024-03-18 00:00:00,8.65,0.0,5.4,58.75,0.0,0.0,0.0,221.696,0.0,0.0,0
2024-03-18 01:00:00,8.35,0.0,4.3,59.25,0.0,0.0,0.0,219.762,0.0,0.0,0
2024-03-18 02:00:00,8.3,0.0,5.125,60.0,0.0,0.0,0.0,221.565,0.0,0.0,0
2024-03-18 03:00:00,8.1,0.0,5.0,61.5,0.0,0.0,0.0,182.751,0.0,0.0,0
2024-03-18 04:00:00,8.525,0.0,4.4,60.0,0.0,0.0,0.0,174.998,0.0,0.0,0
2024-03-18 05:00:00,7.975,0.0,4.225,60.75,0.0,0.0,0.0,166.182,0.0,0.0,0
2024-03-18 06:00:00,7.825,0.0,3.725,61.0,0.0,0.0,0.66,138.864,0.0,0.0,0
2024-03-18 07:00:00,7.325,0.0,3.775,59.25,0.0,0.0,32.667,100.633,0.0,0.0,0
2024-03-18 08:00:00,8.625,0.0,2.825,52.0,0.55,0.305,124.503,52.721,0.0,0.0,0
2024-03-18 09:00:00,10.5,0.0,3.375,48.75,1.0,1.075,223.935,29.5,0.0,0.0,0
2024-03-18 10:00:00,11.825,0.0,3.075,49.5,1.0,1.84,292.859,21.104,0.0,0.0,0
2024-03-18 11:00:00,12.625,0.0,3.55,51.75,1.0,2.475,336.836,20.374,0.0,0.0,0
2024-03-18 12:00:00,13.35,0.0,3.825,53.5,1.0,2.885,354.107,15.04,0.0,0.0,0
2024-03-18 13:00:00,13.95,0.0,4.2,52.75,1.0,3.035,343.087,16.708,0.0,5.0,1
2024-03-18 14:00:00,14.25,0.0,3.825,52.75,1.0,2.915,306.928,12.602,0.0,2.0,1
2024-03-18 15:00:00,14.2,0.0,3.5,55.25,1.0,2.585,236.019,12.198,0.0,0.0,0
2024-03-18 16:00:00,13.9,0.0,3.425,56.0,1.0,1.925,144.454,20.789,0.0,0.0,0
2024-03-18 17:00:00,13.35,0.0,3.375,57.0,0.95,1.24,40.139,9.047,0.0,0.0,0
2024-03-18 18:00:00,12.525,0.0,2.1,59.75,0.075,0.325,7.791,7.953,0.0,0.0,0
2024-03-18 19:00:00,12.05,0.0,1.3,61.0,0.0,0.025,7.502,16.597,0.0,0.0,0
2024-03-18 20:00:00,11.85,0.0,2.45,63.75,0.0,0.0,6.739,16.57,0.0,0.0,0
2024-03-18 21:00:00,11.725,0.0,2.3,64.75,0.0,0.0,4.282,3.543,0.0,0.0,0
2024-03-18 22:00:00,11.4,0.0,1.975,68.0,0.0,0.0,0.93,0.986,0.0,0.0,0
2024-03-18 23:00:00,11.275,0.0,2.7,69.25,0.0,0.0,0.0,8.682,0.0,0.0,0
2024-03-19 00:00:00,11.325,0.0,2.6,71.25,0.0,0.0,0.0,13.233,0.0,0.0,0
2024-03-19 01:00:00,11.3,0.0,3.0,71.75,0.0,0.0,0.001,14.466,0.0,0.0,0
2024-03-19 02:00:00,11.325,0.0,3.0,70.5,0.0,0.0,0.0,14.082,0.0,0.0,0
2024-03-19 03:00:00,11.275,0.0,3.25,69.5,0.0,0.0,0.0,23.571,0.0,0.0,0
2024-03-19 04:00:00,11.375,0.0,2.575,67.0,0.0,0.0,0.0,28.973,0.0,0.0,0
2024-03-19 05:00:00,11.0,0.0,1.925,68.25,0.0,0.0,0.0,41.261,0.0,0.0,0
2024-03-19 06:00:00,10.8,0.0,2.125,68.25,0.0,0.0,0.026,23.868,0.0,0.0,0
2024-03-19 07:00:00,11.075,0.0,2.65,71.0,0.0,0.0,4.08,37.767,0.0,0.0,0
2024-03-19 08:00:00,11.125,0.0,1.75,67.5,0.0,0.04,30.29,38.025,0.0,0.0,0
2024-03-19 09:00:00,11.6,0.033,2.0,62.0,0.05,0.335,149.307,19.344,0.0,0.0,0
2024-03-19 10:00:00,13.475,0.0,2.45,51.5,0.55,1.605,262.665,32.262,0.0,0.0,0
2024-03-19 11:00:00,15.675,0.0,5.475,41.75,0.875,2.115,293.817,100.007,0.0,0.0,0
2024-03-19 12:00:00,15.45,0.0,7.1,44.25,0.9,2.85,335.167,39.424,0.0,23.0,1
2024-03-19 13:00:00,15.65,0.0,7.575,43.5,0.95,3.075,360.476,17.903,0.0,92.0,1
2024-03-19 14:00:00,15.85,0.0,7.725,34.5,1.0,3.045,330.205,54.639,0.0,109.0,1
2024-03-19 15:00:00,15.3,0.0,8.7,38.25,1.0,2.71,216.885,148.306,0.0,85.0,1
2024-03-19 16:00:00,13.8,0.0,8.625,50.75,0.8,1.6,83.498,166.492,0.0,16.0,1
2024-03-19 17:00:00,12.65,0.0,7.95,58.75,0.65,0.775,34.908,175.468,0.0,0.0,0
2024-03-19 18:00:00,11.65,0.0,7.4,62.5,0.35,0.335,10.259,212.837,0.0,0.0,0
2024-03-19 19:00:00,10.525,0.0,7.6,56.0,0.0,0.065,7.518,243.78,0.0,0.0,0
2024-03-19 20:00:00,9.6,0.0,7.25,51.0,0.0,0.0,6.656,256.477,0.0,0.0,0
2024-03-19 21:00:00,8.825,0.0,7.825,53.75,0.0,0.0,4.323,266.425,0.0,0.0,0
2024-03-19 22:00:00,8.5,0.0,8.6,47.75,0.0,0.0,0.881,260.986,0.0,0.0,0
2024-03-19 23:00:00,8.3,0.0,8.6,52.0,0.0,0.0,0.0,253.193,0.0,0.0,0
2024-03-20 00:00:00,7.9,0.0,7.975,47.75,0.0,0.0,0.0,241.829,0.0,0.0,0
2024-03-20 01:00:00,7.6,0.0,7.5,46.25,0.0,0.0,0.001,230.923,0.0,0.0,0
2024-03-20 02:00:00,7.475,0.0,6.575,39.75,0.0,0.0,0.0,216.981,0.0,0.0,0
2024-03-20 03:00:00,7.2,0.0,5.15,41.5,0.0,0.0,0.0,195.383,0.0,0.0,0
2024-03-20 04:00:00,6.975,0.0,5.75,45.75,0.0,0.0,0.0,188.073,0.0,0.0,0
2024-03-20 05:00:00,6.925,0.0,6.0,49.0,0.0,0.0,0.0,222.726,0.0,0.0,0
2024-03-20 06:00:00,7.15,0.0,6.15,50.5,0.0,0.0,0.607,228.421,0.0,0.0,0
2024-03-20 07:00:00,7.35,0.0,6.6,50.25,0.0,0.005,22.344,249.808,0.0,0.0,0
2024-03-20 08:00:00,8.125,0.0,7.6,48.5,0.25,0.18,81.097,252.587,0.0,0.0,0
2024-03-20 09:00:00,8.8,0.0,7.0,49.0,0.575,0.68,160.545,252.486,0.0,0.0,0
2024-03-20 10:00:00,9.2,0.0,7.45,48.25,0.675,1.36,242.708,227.611,0.0,0.0,0
2024-03-20 11:00:00,9.65,0.0,6.675,44.75,0.725,2.11,306.395,134.768,0.0,9.0,1
2024-03-20 12:00:00,10.0,0.0,6.675,40.75,0.725,2.675,348.308,51.987,0.0,99.0,1
2024-03-20 13:00:00,10.2,0.0,6.9,39.0,0.85,3.115,354.873,36.991,0.0,178.0,1
2024-03-20 14:00:00,10.3,0.0,6.975,38.0,0.9,3.055,313.99,93.115,0.0,188.0,1
2024-03-20 15:00:00,9.975,0.0,7.975,39.0,0.85,2.335,260.471,152.673,0.0,135.0,1
2024-03-20 16:00:00,9.5,0.0,6.825,41.75,0.875,1.975,170.292,209.349,0.0,68.0,1
2024-03-20 17:00:00,8.825,0.0,7.2,43.0,0.725,1.085,74.249,222.064,0.0,5.0,1
2024-03-20 18:00:00,8.15,0.0,6.3,46.75,0.65,0.49,12.909,211.004,0.0,0.0,0
2024-03-20 19:00:00,7.425,0.0,5.85,51.25,0.225,0.095,7.659,195.72,0.0,0.0,0
2024-03-20 20:00:00,7.075,0.0,5.375,55.25,0.0,0.0,6.847,165.562,0.0,0.0,0
2024-03-20 21:00:00,6.65,0.0,5.175,57.0,0.0,0.0,4.432,126.586,0.0,0.0,0
2024-03-20 22:00:00,6.35,0.0,4.9,56.5,0.0,0.0,0.839,118.804,0.0,0.0,0
2024-03-20 23:00:00,6.175,0.0,3.7,58.75,0.0,0.0,0.0,100.504,0.0,0.0,0
2024-03-21 00:00:00,5.9,0.0,3.35,59.75,0.0,0.0,0.0,63.644,0.0,0.0,0
2024-03-21 01:00:00,5.65,0.0,4.125,61.75,0.0,0.0,0.001,65.88,0.0,0.0,0
2024-03-21 02:00:00,5.275,0.0,3.375,61.25,0.0,0.0,0.001,78.108,0.0,0.0,0
2024-03-21 03:00:00,5.275,0.0,3.075,61.25,0.0,0.0,0.0,77.819,0.0,0.0,0
2024-03-21 04:00:00,5.175,0.0,4.65,61.5,0.0,0.0,0.0,70.825,0.0,0.0,0
2024-03-21 05:00:00,4.85,0.0,4.025,63.0,0.0,0.0,0.0,77.176,0.0,0.0,0
2024-03-21 06:00:00,4.05,0.0,3.35,66.75,0.0,0.0,1.092,70.621,0.0,0.0,0
2024-03-21 07:00:00,4.475,0.0,3.35,64.75,0.075,0.03,40.297,66.775,0.0,0.0,0
2024-03-21 08:00:00,6.45,0.0,3.175,56.0,0.85,0.46,146.064,68.388,0.0,0.0,0
2024-03-21 09:00:00,7.875,0.0,3.25,51.5,0.975,1.255,250.732,49.611,0.0,0.0,0
2024-03-21 10:00:00,8.775,0.0,3.375,46.75,1.0,2.12,323.563,42.035,0.0,0.0,0
2024-03-21 11:00:00,9.575,0.0,3.725,46.0,1.0,2.77,368.651,27.915,0.0,0.0,0
2024-03-21 12:00:00,10.4,0.0,4.4,45.5,1.0,3.195,384.868,8.169,0.0,9.0,1
2024-03-21 13:00:00,10.325,0.0,4.05,42.75,1.0,3.34,371.735,9.108,0.0,35.0,1
2024-03-21 14:00:00,10.975,0.0,3.45,39.75,1.0,3.265,347.03,18.558,0.0,32.0,1
2024-03-21 15:00:00,11.45,0.0,3.95,39.0,1.0,2.965,281.594,16.877,0.0,15.0,1
2024-03-21 16:00:00,11.6,0.0,2.775,42.5,1.0,2.37,187.918,8.78,0.0,0.0,0
2024-03-21 17:00:00,11.225,0.0,3.05,45.75,1.0,1.62,81.972,2.498,0.0,0.0,0
2024-03-21 18:00:00,10.5,0.0,2.325,46.75,1.0,0.81,14.137,7.392,0.0,0.0,0
2024-03-21 19:00:00,8.875,0.0,1.6,49.25,0.375,0.15,7.676,11.907,0.0,0.0,0
2024-03-21 20:00:00,7.65,0.0,1.6,56.75,0.0,0.0,7.219,11.423,0.0,0.0,0
2024-03-21 21:00:00,7.1,0.0,1.6,60.25,0.0,0.0,4.577,11.855,0.0,0.0,0
2024-03-21 22:00:00,6.6,0.0,2.375,62.5,0.0,0.0,0.948,34.715,0.0,0.0,0
2024-03-21 23:00:00,6.525,0.0,2.425,64.0,0.0,0.0,0.0,67.757,0.0,0.0,0
2024-03-22 00:00:00,6.675,0.0,2.525,64.0,0.0,0.0,0.0,72.103,0.0,0.0,0
2024-03-22 01:00:00,7.025,0.0,2.5,63.0,0.0,0.0,0.001,58.834,0.0,0.0,0
2024-03-22 02:00:00,7.225,0.0,2.775,64.0,0.0,0.0,0.001,70.595,0.0,0.0,0
2024-03-22 03:00:00,7.225,0.0,2.75,66.5,0.0,0.0,0.0,64.136,0.0,0.0,0
2024-03-22 04:00:00,7.075,0.0,2.675,66.5,0.0,0.0,0.0,70.023,0.0,0.0,0
2024-03-22 05:00:00,7.55,0.0,2.875,66.5,0.0,0.0,0.001,100.516,0.0,0.0,0
2024-03-22 06:00:00,7.7,0.0,2.85,67.25,0.0,0.0,1.119,132.246,0.0,0.0,0
2024-03-22 07:00:00,8.45,0.0,4.325,66.0,0.0,0.05,34.318,152.794,0.0,0.0,0
2024-03-22 08:00:00,10.85,0.0,4.5,60.5,0.725,0.435,121.47,161.803,0.0,0.0,0
2024-03-22 09:00:00,13.8,0.0,5.175,52.25,1.0,1.23,216.47,204.208,0.0,0.0,0
2024-03-22 10:00:00,15.15,0.0,6.125,50.0,0.975,1.995,288.964,127.114,0.0,8.0,1
2024-03-22 11:00:00,16.125,0.0,7.55,51.25,1.0,2.645,327.711,50.361,0.0,78.0,1
2024-03-22 12:00:00,16.675,0.0,8.325,49.75,1.0,3.06,327.521,21.113,0.0,173.0,1
2024-03-22 13:00:00,17.1,0.0,7.7,51.25,0.95,3.135,268.305,110.36,0.0,202.0,1
2024-03-22 14:00:00,17.8,0.0,7.05,50.75,0.85,2.955,144.834,213.624,0.0,109.0,1
2024-03-22 15:00:00,16.875,0.0,7.475,58.25,0.375,1.79,43.051,221.795,0.0,2.0,1
2024-03-22 16:00:00,16.225,0.0,7.625,63.5,0.05,0.555,14.488,217.561,0.0,0.0,0
2024-03-22 17:00:00,15.7,0.0,7.825,70.5,0.0,0.1,7.805,240.624,0.0,0.0,0
2024-03-22 18:00:00,15.2,0.1,7.625,79.5,0.0,0.05,5.323,229.707,0.0,0.0,0
2024-03-22 19:00:00,15.75,0.0,7.475,77.75,0.0,0.025,7.426,229.854,0.0,0.0,0
2024-03-22 20:00:00,16.5,0.0,6.325,74.5,0.0,0.0,6.525,226.514,0.0,0.0,0
2024-03-22 21:00:00,16.975,0.1,6.0,75.0,0.0,0.0,4.22,214.671,0.0,0.0,0
2024-03-22 22:00:00,17.025,0.0,6.4,75.75,0.0,0.0,0.717,213.566,0.0,0.0,0
2024-03-22 23:00:00,17.05,0.0,6.275,77.25,0.0,0.0,0.051,202.314,0.0,0.0,0
2024-03-23 00:00:00,16.975,0.0,5.925,78.0,0.0,0.0,0.0,147.238,0.0,0.0,0
2024-03-26 01:00:00,13.15,0.0,5.825,92.5,0.0,0.0,0.0,93.602,0.0,0.0,0
2024-03-26 02:00:00,13.45,0.0,5.075,90.0,0.0,0.0,0.0,69.451,0.0,0.0,0
2024-03-26 03:00:00,13.375,2.675,4.775,90.5,0.0,0.0,0.0,87.271,0.0,0.0,0
2024-03-26 04:00:00,13.1,0.0,4.7,93.0,0.0,0.0,0.0,43.635,0.0,0.0,0
2024-03-26 05:00:00,12.725,0.0,3.75,95.5,0.0,0.0,0.0,75.129,0.0,0.0,0
2024-03-26 06:00:00,12.0,4.9,6.5,95.5,0.0,0.0,0.376,247.966,0.0,0.0,0
2024-03-26 07:00:00,10.925,0.0,8.35,87.0,0.0,0.005,17.726,197.909,0.0,0.0,0
2024-03-26 08:00:00,11.25,0.0,5.55,82.5,0.2,0.07,33.043,92.641,0.0,0.0,0
2024-03-26 09:00:00,11.45,1.425,5.65,84.25,0.0,0.1,71.548,113.779,0.0,0.0,0
2024-03-26 10:00:00,11.5,0.0,6.9,82.0,0.125,0.33,143.944,163.56,0.0,0.0,0
2024-03-26 11:00:00,12.075,0.0,7.225,77.0,0.45,0.735,152.61,200.751,0.0,0.0,0
2024-03-26 12:00:00,11.7,0.4,7.3,72.75,0.325,1.265,174.961,192.679,0.0,0.0,0
2024-03-26 13:00:00,11.3,0.0,6.775,71.25,0.5,0.975,186.211,187.738,0.0,0.0,0
2024-03-26 14:00:00,11.325,0.0,7.025,72.25,0.5,0.78,173.617,200.232,0.0,0.0,0
2024-03-26 15:00:00,11.25,0.0,6.425,70.5,0.5,0.565,150.245,197.157,0.0,2.0,1
2024-03-26 16:00:00,11.025,0.0,6.45,70.75,0.5,0.33,106.274,201.716,0.0,11.0,1
2024-03-26 17:00:00,10.8,0.0,5.675,70.25,0.5,0.22,44.236,160.731,0.0,8.0,1
2024-03-26 18:00:00,9.825,0.0,4.975,74.5,0.275,0.125,9.665,70.425,0.0,0.0,0
2024-03-26 19:00:00,9.525,0.0,3.375,76.0,0.05,0.03,3.456,48.587,0.0,0.0,0
2024-03-26 20:00:00,9.55,0.0,3.3,76.0,0.0,0.0,0.866,47.111,0.0,0.0,0
2024-03-26 21:00:00,9.5,0.0,2.925,77.25,0.0,0.0,0.052,29.893,0.0,0.0,0
2024-03-26 22:00:00,9.65,0.0,2.35,78.25,0.0,0.0,0.015,21.348,0.0,0.0,0
2024-03-26 23:00:00,9.75,0.0,1.875,78.5,0.0,0.0,0.0,13.579,0.0,0.0,0
2024-03-27 00:00:00,9.85,0.0,2.325,78.5,0.0,0.0,0.0,6.9,0.0,0.0,0
2024-03-29 01:00:00,11.275,0.0,4.725,84.0,0.0,0.0,0.0,69.746,0.0,0.0,0
2024-03-29 02:00:00,10.85,0.0,4.375,82.5,0.0,0.0,0.0,50.846,0.0,0.0,0
2024-03-29 03:00:00,10.675,0.0,3.775,84.0,0.0,0.0,0.0,40.368,0.0,0.0,0
2024-03-29 04:00:00,10.15,0.0,3.175,83.0,0.0,0.0,0.0,16.81,0.0,0.0,0
2024-03-29 05:00:00,9.875,0.0,2.375,80.0,0.0,0.0,0.0,21.221,0.0,0.0,0
2024-03-29 06:00:00,9.375,0.0,1.525,82.75,0.0,0.0,2.885,22.679,0.0,0.0,0
2024-03-29 07:00:00,9.2,0.0,2.45,82.5,0.0,0.02,41.618,34.839,0.0,0.0,0
2024-03-29 08:00:00,11.3,0.0,3.025,82.75,0.6,0.315,116.17,66.764,0.0,0.0,0
2024-03-29 09:00:00,12.95,0.0,4.175,77.5,0.675,0.845,198.845,117.597,0.0,0.0,0
2024-03-29 10:00:00,14.3,0.0,4.925,74.75,0.55,1.525,280.096,67.829,0.0,4.0,1
2024-03-29 11:00:00,16.275,0.0,6.85,63.0,0.65,2.005,326.184,12.891,0.0,74.0,1
2024-03-29 12:00:00,17.025,0.0,6.425,61.75,0.775,2.73,320.405,11.078,0.0,126.0,1
2024-03-29 13:00:00,16.85,0.0,7.2,68.0,0.625,2.54,299.933,28.654,0.0,136.0,1
2024-03-29 14:00:00,16.8,0.0,7.025,69.75,0.525,2.215,258.955,70.038,0.0,139.0,1
2024-03-29 15:00:00,16.75,0.0,6.6,71.25,0.525,2.12,202.442,120.302,0.0,94.0,1
2024-03-29 16:00:00,16.375,0.0,7.575,73.5,0.65,2.005,117.369,138.243,0.0,29.0,1
2024-03-29 17:00:00,15.55,0.0,7.0,77.0,0.525,1.195,50.334,90.732,0.0,0.0,0
2024-03-29 18:00:00,14.8,0.0,5.725,80.5,0.275,0.555,12.178,65.391,0.0,0.0,0
2024-03-29 19:00:00,14.225,0.0,5.25,83.25,0.0,0.075,7.282,53.08,0.0,0.0,0
2024-03-29 20:00:00,13.875,0.0,4.55,85.75,0.0,0.0,4.673,52.809,0.0,0.0,0
2024-03-29 21:00:00,13.6,0.0,4.125,87.0,0.0,0.0,2.227,38.576,0.0,0.0,0
2024-03-29 22:00:00,13.2,0.0,2.8,87.75,0.0,0.0,0.302,18.095,0.0,0.0,0
2024-03-29 23:00:00,12.575,0.0,1.575,89.0,0.0,0.0,0.0,3.212,0.0,0.0,0
2024-03-30 00:00:00,12.5,0.0,1.45,89.75,0.0,0.0,0.0,0.656,0.0,0.0,0
2024-03-30 01:00:00,12.35,0.0,1.6,92.25,0.0,0.0,0.0,2.387,0.0,0.0,0
2024-03-30 02:00:00,12.45,0.0,0.875,91.25,0.0,0.0,0.0,0.907,0.0,0.0,0
2024-03-30 03:00:00,12.1,0.0,0.725,89.5,0.0,0.0,0.0,0.145,0.0,0.0,0
2024-03-30 04:00:00,11.8,0.0,1.45,90.0,0.0,0.0,0.0,3.24,0.0,0.0,0
2024-03-30 05:00:00,11.575,0.0,1.725,92.0,0.0,0.0,0.0,21.532,0.0,0.0,0
2024-03-30 06:00:00,11.825,0.0,2.35,92.25,0.0,0.0,1.961,74.869,0.0,0.0,0
2024-03-30 07:00:00,12.175,0.0,2.85,92.25,0.0,0.025,33.371,100.794,0.0,0.0,0
2024-03-30 08:00:00,13.575,0.0,3.225,89.25,0.1,0.35,99.855,124.372,0.0,0.0,0
2024-03-30 09:00:00,15.725,0.0,3.65,80.0,0.775,1.0,167.682,114.878,0.0,0.0,0
2024-03-30 10:00:00,17.0,0.0,4.8,75.25,0.85,1.485,221.082,43.418,0.0,33.0,1
2024-03-30 11:00:00,17.925,0.0,5.625,69.5,0.975,1.945,249.689,8.989,0.0,107.0,1
2024-03-30 12:00:00,18.55,0.0,5.875,65.5,1.0,2.28,252.325,7.911,0.0,140.0,1
2024-03-30 13:00:00,18.8,0.0,6.175,65.25,1.0,2.505,250.588,4.746,0.0,143.0,1
2024-03-30 14:00:00,19.5,0.0,5.9,63.75,1.0,2.685,235.229,4.225,0.0,146.0,1
2024-03-30 15:00:00,19.725,0.0,5.325,62.25,1.0,2.52,214.544,29.116,0.0,144.0,1
2024-03-30 16:00:00,20.2,0.0,5.75,61.5,1.0,1.975,147.686,58.394,0.0,100.0,1
2024-03-30 17:00:00,18.8,0.0,5.625,67.0,0.875,1.255,61.733,47.382,0.0,13.0,1
2024-03-30 18:00:00,17.875,0.0,5.175,71.0,0.425,0.6,19.333,45.002,0.0,0.0,0
2024-03-30 19:00:00,16.55,0.0,4.175,76.75,0.175,0.125,7.478,42.077,0.0,0.0,0
2024-03-30 20:00:00,15.725,0.0,3.075,81.5,0.0,0.0,6.951,27.165,0.0,0.0,0
2024-03-30 21:00:00,15.225,0.0,3.35,85.25,0.0,0.0,4.641,17.23,0.0,0.0,0
2024-03-30 22:00:00,14.7,0.0,2.05,86.5,0.0,0.0,0.837,14.045,0.0,0.0,0
2024-03-30 23:00:00,14.175,0.0,2.5,87.75,0.0,0.0,0.0,12.65,0.0,0.0,0
2024-03-31 00:00:00,13.775,0.0,1.95,89.5,0.0,0.0,0.0,9.971,0.0,0.0,0
2024-04-01 01:00:00,11.85,0.0,1.45,81.75,0.0,0.0,0.0,11.109,0.0,0.0,0
2024-04-01 02:00:00,12.225,0.0,2.225,88.25,0.0,0.0,0.0,32.302,0.0,0.0,0
2024-04-01 03:00:00,11.875,0.0,2.375,87.0,0.0,0.0,0.0,32.998,0.0,0.0,0
2024-04-01 04:00:00,11.325,0.0,2.5,84.75,0.0,0.0,0.0,22.843,0.0,0.0,0
2024-04-01 05:00:00,10.775,0.0,2.425,84.75,0.0,0.0,0.024,22.242,0.0,0.0,0
2024-04-01 06:00:00,10.75,0.0,2.05,82.75,0.0,0.0,3.245,10.597,0.0,0.0,0
2024-04-01 07:00:00,11.625,0.0,2.525,82.0,0.1,0.025,51.543,2.3,0.0,0.0,0
2024-04-01 08:00:00,13.425,0.0,1.625,77.5,0.9,0.565,150.503,1.457,0.0,0.0,0
2024-04-01 09:00:00,15.7,0.0,1.4,67.0,1.0,1.365,242.453,2.463,0.0,0.0,0
2024-04-01 10:00:00,16.925,0.0,2.525,65.0,1.0,2.135,304.355,3.767,0.0,0.0,0
2024-04-01 11:00:00,17.225,0.0,2.875,65.75,1.0,2.77,311.951,1.758,0.0,0.0,0
2024-04-01 12:00:00,18.575,0.0,2.925,50.25,1.0,3.19,289.973,2.133,0.0,1.0,1
2024-04-01 13:00:00,18.525,0.0,2.95,52.0,1.0,3.355,282.661,1.906,0.0,1.0,1
2024-04-01 14:00:00,18.5,0.0,2.45,48.75,1.0,3.26,282.803,5.562,0.0,0.0,0
2024-04-01 15:00:00,19.125,0.0,2.625,44.75,1.0,2.93,263.357,1.485,0.0,0.0,0
2024-04-01 16:00:00,18.675,0.0,2.65,50.5,1.0,2.38,184.142,0.213,0.0,0.0,0
2024-04-01 17:00:00,18.025,0.0,2.35,49.25,1.0,1.655,85.264,1.058,0.0,0.0,0
2024-04-01 18:00:00,17.425,0.0,2.25,50.0,0.975,0.84,16.311,0.974,0.0,0.0,0
2024-04-01 19:00:00,15.825,0.0,0.95,63.25,0.35,0.13,7.484,24.22,0.0,0.0,0
2024-04-01 20:00:00,14.65,0.0,1.725,68.75,0.0,0.0,7.205,32.765,0.0,0.0,0
2024-04-01 21:00:00,13.85,0.0,1.925,71.0,0.0,0.0,4.663,42.344,0.0,0.0,0
2024-04-01 22:00:00,13.775,0.0,2.3,70.5,0.0,0.0,0.983,65.306,0.0,0.0,0
2024-04-01 23:00:00,13.4,0.0,2.5,70.75,0.0,0.0,0.0,87.062,0.0,0.0,0
2024-04-02 00:00:00,13.425,0.0,2.475,74.0,0.0,0.0,0.0,105.726,0.0,0.0,0
2024-04-07 01:00:00,12.2,0.0,2.025,72.75,0.0,0.0,0.0,1.709,0.0,0.0,0
2024-04-07 02:00:00,12.025,0.0,2.075,73.75,0.0,0.0,0.0,2.103,0.0,0.0,0
2024-04-07 03:00:00,12.075,0.0,2.225,72.75,0.0,0.0,0.0,3.318,0.0,0.0,0
2024-04-07 04:00:00,12.0,0.0,2.45,71.75,0.0,0.0,0.0,15.702,0.0,0.0,0
2024-04-07 05:00:00,11.7,0.0,2.2,71.75,0.0,0.0,0.033,19.725,0.0,0.0,0
2024-04-07 06:00:00,11.725,0.0,2.175,64.25,0.0,0.0,5.134,16.508,0.0,0.0,0
2024-04-07 07:00:00,12.375,0.0,2.225,55.5,0.3,0.06,58.773,18.351,0.0,0.0,0
2024-04-07 08:00:00,14.6,0.0,1.85,55.5,1.0,0.63,153.699,12.929,0.0,0.0,0
2024-04-07 09:00:00,17.075,0.0,2.55,49.25,1.0,1.4,230.167,4.8,0.0,0.0,0
2024-04-07 10:00:00,17.8,0.0,2.9,56.75,1.0,2.05,249.365,5.99,0.0,1.0,1
2024-04-07 11:00:00,18.175,0.0,3.325,59.0,1.0,2.36,248.737,2.297,0.0,3.0,1
2024-04-07 12:00:00,18.3,0.0,3.325,63.25,1.0,2.88,232.507,1.809,0.0,6.0,1
2024-04-07 13:00:00,18.075,0.0,3.8,64.25,0.95,2.755,207.488,3.277,0.0,6.0,1
2024-04-07 14:00:00,17.8,0.0,3.5,67.25,0.7,2.31,228.079,3.288,0.0,6.0,1
2024-04-07 15:00:00,18.2,0.0,2.45,65.0,0.825,2.27,172.863,1.495,0.0,5.0,1
2024-04-07 16:00:00,18.45,0.0,2.325,59.5,0.6,1.62,165.255,0.716,0.0,0.0,0
2024-04-07 17:00:00,18.3,0.0,2.125,61.75,0.975,1.59,73.305,1.09,0.0,0.0,0
2024-04-07 18:00:00,17.375,0.0,2.35,65.25,0.525,0.78,16.721,0.242,0.0,0.0,0
2024-04-07 19:00:00,16.375,0.0,1.2,69.75,0.0,0.085,7.41,1.83,0.0,0.0,0
2024-04-07 20:00:00,15.425,0.0,1.475,75.75,0.0,0.0,7.029,0.325,0.0,0.0,0
2024-04-07 21:00:00,15.2,0.0,1.05,75.5,0.0,0.0,4.338,0.306,0.0,0.0,0
2024-04-07 22:00:00,14.675,0.0,1.5,76.0,0.0,0.0,0.871,0.103,0.0,0.0,0
2024-04-07 23:00:00,14.425,0.0,0.925,72.75,0.0,0.0,0.0,0.001,0.0,0.0,0
2024-04-08 00:00:00,14.575,0.0,1.575,71.5,0.0,0.0,0.0,0.004,0.0,0.0,0
2024-04-10 01:00:00,13.15,0.0,3.3,75.5,0.0,0.0,0.001,13.603,0.0,0.0,0
2024-04-10 02:00:00,12.8,0.0,3.575,76.0,0.0,0.0,0.0,23.671,0.0,0.0,0
2024-04-10 03:00:00,12.625,0.0,3.1,75.75,0.0,0.0,0.001,18.789,0.0,0.0,0
2024-04-10 04:00:00,12.625,0.0,2.9,75.25,0.0,0.0,0.001,9.633,0.0,0.0,0
2024-04-10 05:00:00,12.325,0.0,2.5,76.0,0.0,0.0,0.03,10.553,0.0,0.0,0
2024-04-10 06:00:00,11.925,0.0,2.55,76.75,0.0,0.0,5.473,7.445,0.0,0.0,0
2024-04-10 07:00:00,12.325,0.0,2.85,75.25,0.0,0.057,54.032,11.982,0.0,0.0,0
2024-04-10 08:00:00,14.125,0.0,3.6,69.0,0.975,0.607,126.931,21.278,0.0,0.0,0
2024-04-10 09:00:00,15.25,0.0,4.175,61.75,0.825,1.343,183.232,35.425,0.0,0.0,0
2024-04-10 10:00:00,16.075,0.0,4.05,59.25,0.925,1.753,252.667,36.814,0.0,0.0,0
2024-04-10 11:00:00,17.075,0.0,4.05,58.75,0.975,2.447,280.631,32.011,0.0,0.0,0
2024-04-10 12:00:00,16.775,0.0,4.3,60.25,1.0,2.823,297.061,24.529,0.0,7.0,1
2024-04-10 13:00:00,17.325,0.0,4.875,59.25,0.95,3.2,292.202,21.042,0.0,15.0,1
2024-04-10 14:00:00,17.175,0.0,4.65,60.5,0.975,3.21,278.847,21.014,0.0,21.0,1
2024-04-10 15:00:00,17.225,0.0,4.125,57.75,0.975,2.813,245.149,14.824,0.0,7.0,1
2024-04-10 16:00:00,17.125,0.0,4.0,58.75,1.0,2.317,171.739,14.826,0.0,0.0,0
2024-04-10 17:00:00,17.175,0.0,2.95,58.25,1.0,1.61,82.849,13.435,0.0,0.0,0
2024-04-10 18:00:00,16.15,0.0,3.075,57.0,0.825,0.833,19.643,15.645,0.0,0.0,0
2024-04-10 19:00:00,14.5,0.0,2.6,65.5,0.375,0.147,7.865,16.581,0.0,0.0,0
2024-04-10 20:00:00,13.275,0.0,2.975,72.25,0.0,0.003,7.368,13.682,0.0,0.0,0
2024-04-10 21:00:00,12.65,0.0,2.775,68.5,0.0,0.0,4.77,9.23,0.0,0.0,0
2024-04-10 22:00:00,12.55,0.0,2.475,62.0,0.0,0.0,0.965,13.787,0.0,0.0,0
2024-04-10 23:00:00,13.025,0.0,2.825,67.0,0.0,0.0,0.0,19.792,0.0,0.0,0
2024-04-11 00:00:00,13.825,0.0,3.65,68.25,0.0,0.0,0.0,14.4,0.0,0.0,0
2024-04-14 01:00:00,14.925,0.0,1.8,78.5,0.0,0.0,0.002,22.658,0.0,0.0,0
2024-04-14 02:00:00,14.675,0.0,1.775,78.75,0.0,0.0,0.001,16.986,0.0,0.0,0
2024-04-14 03:00:00,15.05,0.0,2.425,77.0,0.0,0.0,0.001,21.145,0.0,0.0,0
2024-04-14 04:00:00,15.0,0.0,2.025,79.75,0.0,0.0,0.0,20.202,0.0,0.0,0
2024-04-14 05:00:00,14.95,0.0,2.225,81.0,0.0,0.0,0.037,24.07,0.0,0.0,0
2024-04-14 06:00:00,15.275,0.0,2.325,82.0,0.0,0.0,7.468,35.037,0.0,0.0,0
2024-04-14 07:00:00,16.425,0.0,2.8,80.0,0.15,0.083,47.298,23.097,0.0,0.0,0
2024-04-14 08:00:00,17.85,0.0,2.825,76.75,0.375,0.447,132.497,42.383,0.0,0.0,0
2024-04-14 09:00:00,20.1,0.0,5.1,65.25,0.775,1.297,207.719,85.333,0.0,0.0,0
2024-04-14 10:00:00,20.675,0.0,5.025,63.5,0.825,1.9,236.997,116.739,0.0,0.0,0
2024-04-14 11:00:00,20.95,0.0,5.45,61.75,0.75,2.137,235.043,116.646,0.0,9.0,1
2024-04-14 12:00:00,21.075,0.0,5.05,62.5,0.725,2.14,212.413,123.639,0.0,12.0,1
2024-04-14 13:00:00,21.05,0.0,4.75,64.0,0.6,2.133,162.385,119.828,0.0,1.0,1
2024-04-14 14:00:00,20.55,0.0,5.15,67.75,0.075,1.473,118.498,127.891,0.0,0.0,0
2024-04-14 15:00:00,20.1,0.0,5.2,71.5,0.0,1.237,91.215,118.905,0.0,0.0,0
2024-04-14 16:00:00,19.95,0.0,4.875,74.75,0.0,0.893,50.644,115.609,0.0,0.0,0
2024-04-14 17:00:00,19.35,0.0,4.45,79.25,0.0,0.45,20.567,103.471,0.0,0.0,0
2024-04-14 18:00:00,19.125,0.0,5.15,81.25,0.0,0.223,8.201,115.605,0.0,0.0,0
2024-04-14 19:00:00,18.95,0.0,4.675,83.5,0.0,0.06,7.327,169.836,0.0,0.0,0
2024-04-14 20:00:00,18.85,0.0,5.575,84.5,0.0,0.0,5.841,185.626,0.0,0.0,0
2024-04-14 21:00:00,19.125,0.0,5.85,83.75,0.0,0.0,3.088,185.57,0.0,0.0,0
2024-04-14 22:00:00,19.225,0.0,6.35,83.5,0.0,0.0,0.324,199.425,0.0,0.0,0
2024-04-14 23:00:00,19.125,0.0,5.875,83.5,0.0,0.0,0.0,202.719,0.0,0.0,0
2024-04-15 00:00:00,19.15,0.0,6.75,81.25,0.0,0.0,0.0,204.766,0.0,0.0,0
2024-04-16 01:00:00,14.625,0.0,2.1,90.75,0.0,0.0,0.0,10.654,0.0,0.0,0
2024-04-16 02:00:00,14.6,0.0,1.875,92.0,0.0,0.0,0.001,6.79,0.0,0.0,0
2024-04-16 03:00:00,14.375,0.0,1.675,92.25,0.0,0.0,0.0,4.088,0.0,0.0,0
2024-04-16 04:00:00,14.475,0.0,1.45,92.5,0.0,0.0,0.0,3.608,0.0,0.0,0
2024-04-16 05:00:00,14.125,0.0,2.0,92.75,0.0,0.0,0.056,5.845,0.0,0.0,0
2024-04-16 06:00:00,14.325,0.0,2.275,94.75,0.0,0.0,8.577,17.282,0.0,0.0,0
2024-04-16 07:00:00,14.925,0.0,2.2,93.0,0.0,0.057,49.966,7.098,0.0,0.0,0
2024-04-16 08:00:00,15.775,0.0,2.575,89.5,0.0,0.32,95.105,9.016,0.0,0.0,0
2024-04-16 09:00:00,16.8,0.0,2.375,84.75,0.025,0.693,171.068,6.154,0.0,0.0,0
2024-04-16 10:00:00,18.025,0.0,4.025,79.0,0.3,1.4,236.494,7.821,0.0,0.0,0
2024-04-16 11:00:00,18.15,0.0,3.675,77.0,0.475,1.913,329.083,11.268,0.0,0.0,0
2024-04-16 12:00:00,19.15,0.0,3.125,75.5,1.0,3.077,338.404,13.765,0.0,1.0,1
2024-04-16 13:00:00,19.2,0.0,4.3,73.75,0.875,3.033,333.037,17.23,0.0,3.0,1
2024-04-16 14:00:00,19.25,0.0,3.975,70.75,0.775,2.857,301.083,17.681,0.0,3.0,1
2024-04-16 15:00:00,18.95,0.0,3.5,72.0,0.9,2.703,239.947,21.932,0.0,2.0,1
2024-04-16 16:00:00,18.4,0.0,3.5,74.0,0.725,1.923,160.781,26.161,0.0,0.0,0
2024-04-16 17:00:00,18.25,0.0,3.35,72.5,0.625,1.237,86.623,38.017,0.0,0.0,0
2024-04-16 18:00:00,17.525,0.0,3.5,68.0,0.75,0.827,22.818,55.208,0.0,0.0,0
2024-04-16 19:00:00,16.025,0.0,3.425,75.75,0.2,0.167,7.552,73.147,0.0,0.0,0
2024-04-16 20:00:00,15.325,0.0,3.7,74.0,0.0,0.0,6.984,71.726,0.0,0.0,0
2024-04-16 21:00:00,15.175,0.0,2.4,69.5,0.0,0.0,4.502,53.658,0.0,0.0,0
2024-04-16 22:00:00,14.75,0.0,2.8,65.75,0.0,0.0,1.138,38.17,0.0,0.0,0
2024-04-16 23:00:00,14.325,0.0,2.475,64.5,0.0,0.0,0.016,37.268,0.0,0.0,0
2024-04-17 00:00:00,14.35,0.0,2.65,61.5,0.0,0.0,0.0,20.422,0.0,0.0,0
2024-04-18 01:00:00,13.2,0.0,1.625,74.0,0.0,0.0,0.0,28.829,0.0,0.0,0
2024-04-18 02:00:00,13.275,0.0,2.25,68.5,0.0,0.0,0.0,55.111,0.0,0.0,0
2024-04-18 03:00:00,13.275,0.0,2.525,69.0,0.0,0.0,0.0,58.587,0.0,0.0,0
2024-04-18 04:00:00,12.975,0.0,3.55,66.75,0.0,0.0,0.0,67.122,0.0,0.0,0
2024-04-18 05:00:00,12.725,0.0,2.75,68.75,0.0,0.0,0.063,74.113,0.0,0.0,0
2024-04-18 06:00:00,12.4,0.0,2.6,67.25,0.0,0.0,11.139,67.871,0.0,0.0,0
2024-04-18 07:00:00,13.125,0.0,2.825,66.0,0.3,0.14,69.472,61.347,0.0,0.0,0
2024-04-18 08:00:00,15.725,0.0,2.625,62.75,1.0,0.76,163.871,52.479,0.0,0.0,0
2024-04-18 09:00:00,17.45,0.0,3.45,59.25,1.0,1.6,252.597,62.866,0.0,4.0,1
2024-04-18 10:00:00,17.95,0.0,3.35,56.5,1.0,2.34,313.595,35.473,0.0,1.0,1
2024-04-18 11:00:00,18.75,0.0,3.575,52.75,1.0,2.927,342.516,16.954,0.0,42.0,1
2024-04-18 12:00:00,18.9,0.0,4.725,55.25,1.0,3.31,334.453,9.054,0.0,62.0,1
2024-04-18 13:00:00,19.325,0.0,4.65,52.25,1.0,3.46,336.747,8.083,0.0,70.0,1
2024-04-18 14:00:00,19.6,0.0,4.35,52.75,1.0,3.343,330.763,25.246,0.0,70.0,1
2024-04-18 15:00:00,19.55,0.0,4.025,53.75,1.0,2.993,271.571,50.112,0.0,52.0,1
2024-04-18 16:00:00,19.9,0.0,3.7,51.75,1.0,2.45,187.022,27.4,0.0,7.0,1
2024-04-18 17:00:00,19.675,0.0,3.775,52.5,1.0,1.723,90.745,23.177,0.0,0.0,0
2024-04-18 18:00:00,18.625,0.0,3.55,57.0,0.9,0.917,22.974,26.793,0.0,0.0,0
2024-04-18 19:00:00,17.025,0.0,2.65,60.75,0.45,0.197,7.374,28.393,0.0,0.0,0
2024-04-18 20:00:00,15.9,0.0,2.175,63.25,0.0,0.003,6.866,29.465,0.0,0.0,0
2024-04-18 21:00:00,15.275,0.0,2.625,65.0,0.0,0.0,4.221,29.416,0.0,0.0,0
2024-04-18 22:00:00,14.325,0.0,2.05,69.0,0.0,0.0,0.948,23.967,0.0,0.0,0
2024-04-18 23:00:00,14.3,0.0,2.55,65.5,0.0,0.0,0.0,27.658,0.0,0.0,0
2024-04-19 00:00:00,14.075,0.0,2.45,60.75,0.0,0.0,0.0,26.974,0.0,0.0,0
2024-04-24 01:00:00,15.0,0.0,2.6,93.0,0.0,0.0,0.0,5.206,0.0,0.0,0
2024-04-24 02:00:00,15.175,0.0,1.825,93.25,0.0,0.0,0.0,2.182,0.0,0.0,0
2024-04-24 03:00:00,15.15,0.0,1.825,92.75,0.0,0.0,0.0,2.352,0.0,0.0,0
2024-04-24 04:00:00,15.075,0.0,1.275,93.25,0.0,0.0,0.0,4.052,0.0,0.0,0
2024-04-24 05:00:00,14.975,0.0,1.6,92.75,0.0,0.0,0.055,7.143,0.0,0.0,0
2024-04-24 06:00:00,14.85,0.0,2.0,93.5,0.0,0.0,10.489,10.274,0.0,0.0,0
2024-04-24 07:00:00,15.175,0.0,3.925,92.25,0.075,0.113,57.172,48.264,0.0,0.0,0
2024-04-24 08:00:00,16.125,0.0,5.675,88.0,0.5,0.637,150.795,100.854,0.0,0.0,0
2024-04-24 09:00:00,17.275,0.0,5.725,72.5,0.75,1.52,266.88,114.765,0.0,0.0,0
2024-04-24 10:00:00,18.225,0.0,5.625,56.75,1.0,2.483,325.477,58.076,0.0,1.0,1
2024-04-24 11:00:00,19.05,0.0,4.925,52.75,1.0,3.04,346.134,16.496,0.0,68.0,1
2024-04-24 12:00:00,19.2,0.0,5.8,53.25,1.0,3.42,278.374,10.004,0.0,109.0,1
2024-04-24 13:00:00,19.15,0.0,7.275,52.5,1.0,3.543,256.273,73.821,0.0,113.0,1
2024-04-24 14:00:00,18.7,0.0,6.5,55.75,0.85,3.117,231.428,111.922,0.0,43.0,1
2024-04-24 15:00:00,18.875,0.0,6.125,57.0,0.675,2.28,185.362,99.055,0.0,0.0,0
2024-04-24 16:00:00,18.675,0.0,5.425,57.75,0.725,2.187,146.828,105.217,0.0,0.0,0
2024-04-24 17:00:00,17.75,0.0,5.025,61.5,0.825,1.603,79.299,90.036,0.0,0.0,0
2024-04-24 18:00:00,16.575,0.0,4.8,65.25,0.875,0.933,22.036,71.219,0.0,0.0,0
2024-04-24 19:00:00,14.85,0.0,4.55,71.0,0.475,0.207,7.411,53.765,0.0,0.0,0
2024-04-24 20:00:00,13.85,0.0,3.95,75.75,0.0,0.003,6.45,51.164,0.0,0.0,0
2024-04-24 21:00:00,13.425,0.0,3.175,77.5,0.0,0.0,4.11,38.915,0.0,0.0,0
2024-04-24 22:00:00,12.95,0.0,2.3,79.25,0.0,0.0,0.888,24.972,0.0,0.0,0
2024-04-24 23:00:00,12.425,0.0,2.275,81.75,0.0,0.0,0.015,25.142,0.0,0.0,0
2024-04-25 00:00:00,12.575,0.0,2.375,80.25,0.0,0.0,0.0,30.51,0.0,0.0,0
2024-04-25 01:00:00,12.45,0.0,2.8,80.5,0.0,0.0,0.001,34.163,0.0,0.0,0
2024-04-25 02:00:00,12.1,0.0,2.775,81.0,0.0,0.0,0.0,45.445,0.0,0.0,0
2024-04-25 03:00:00,12.175,0.0,3.5,81.25,0.0,0.0,0.0,69.323,0.0,0.0,0
2024-04-25 04:00:00,12.275,0.0,3.45,80.75,0.0,0.0,0.0,50.005,0.0,0.0,0
2024-04-25 05:00:00,12.25,0.0,2.8,80.0,0.0,0.0,0.107,61.523,0.0,0.0,0
2024-04-25 06:00:00,12.025,0.0,3.175,79.5,0.0,0.0,13.203,38.371,0.0,0.0,0
2024-04-25 07:00:00,12.95,0.0,2.275,77.5,0.675,0.233,78.469,22.981,0.0,0.0,0
2024-04-25 08:00:00,15.05,0.0,1.575,73.5,1.0,0.953,175.227,11.841,0.0,0.0,0
2024-04-25 09:00:00,16.625,0.0,2.4,67.0,1.0,1.797,245.021,9.462,0.0,0.0,0
2024-04-25 10:00:00,17.425,0.0,2.1,68.0,1.0,2.313,268.245,4.264,0.0,0.0,0
2024-04-25 11:00:00,17.7,0.0,2.575,69.5,1.0,2.573,333.189,3.794,0.0,0.0,0
2024-04-25 12:00:00,18.75,0.0,3.375,63.5,1.0,3.423,344.519,2.659,0.0,0.0,0
2024-04-25 13:00:00,19.125,0.0,4.225,60.75,1.0,3.597,332.954,4.953,0.0,1.0,1
2024-04-25 14:00:00,19.3,0.0,3.95,63.5,1.0,3.463,317.811,5.214,0.0,2.0,1
2024-04-25 15:00:00,19.475,0.0,3.85,60.0,1.0,3.133,264.66,5.689,0.0,0.0,0
2024-04-25 16:00:00,19.4,0.0,3.675,60.0,1.0,2.567,185.913,2.748,0.0,0.0,0
2024-04-25 17:00:00,19.075,0.0,2.9,62.0,1.0,1.83,89.886,1.024,0.0,0.0,0
2024-04-25 18:00:00,17.925,0.0,2.525,68.25,0.825,0.917,25.938,5.846,0.0,0.0,0
2024-04-25 19:00:00,16.625,0.0,1.95,71.0,0.125,0.207,7.356,7.263,0.0,0.0,0
2024-04-25 20:00:00,15.55,0.0,1.1,77.0,0.0,0.003,6.721,1.869,0.0,0.0,0
2024-04-25 21:00:00,14.875,0.0,0.625,80.25,0.0,0.0,4.263,0.939,0.0,0.0,0
2024-04-25 22:00:00,14.475,0.0,1.1,82.25,0.0,0.0,0.928,1.515,0.0,0.0,0
2024-04-25 23:00:00,14.275,0.0,0.875,81.75,0.0,0.0,0.0,0.81,0.0,0.0,0
2024-04-26 00:00:00,14.325,0.0,1.3,83.75,0.0,0.0,0.0,3.73,0.0,0.0,0
2024-04-27 01:00:00,16.45,0.0,1.225,82.5,0.0,0.0,0.001,0.27,0.0,0.0,0
2024-04-27 02:00:00,16.35,0.0,1.275,83.0,0.0,0.0,0.0,0.712,0.0,0.0,0
2024-04-27 03:00:00,16.325,0.0,1.25,83.25,0.0,0.0,0.0,5.533,0.0,0.0,0
2024-04-27 04:00:00,16.225,0.0,1.825,83.75,0.0,0.0,0.0,10.678,0.0,0.0,0
2024-04-27 05:00:00,16.15,0.0,2.175,83.25,0.0,0.0,0.103,20.692,0.0,0.0,0
2024-04-27 06:00:00,15.925,0.0,2.6,82.25,0.0,0.0,12.827,20.952,0.0,0.0,0
2024-04-27 07:00:00,16.5,0.0,1.675,76.5,0.425,0.193,77.359,4.715,0.0,0.0,0
2024-04-27 08:00:00,18.5,0.0,2.0,68.25,0.9,0.903,173.805,1.765,0.0,0.0,0
2024-04-27 09:00:00,19.25,0.0,2.025,69.0,1.0,1.727,255.883,7.434,0.0,0.0,0
2024-04-27 10:00:00,19.6,0.0,3.0,68.5,1.0,2.473,305.949,8.762,0.0,0.0,0
2024-04-27 11:00:00,20.225,0.0,2.825,64.25,1.0,3.04,307.583,3.846,0.0,6.0,1
2024-04-27 12:00:00,20.65,0.0,3.225,64.25,1.0,3.407,298.529,3.324,0.0,11.0,1
2024-04-27 13:00:00,21.7,0.0,4.35,62.25,1.0,3.537,297.516,4.535,0.0,11.0,1
2024-04-27 14:00:00,20.425,0.0,3.625,69.25,1.0,3.417,297.87,1.607,0.0,11.0,1
2024-04-27 15:00:00,20.7,0.0,3.275,69.25,1.0,3.073,263.375,0.711,0.0,12.0,1
2024-04-27 16:00:00,20.7,0.0,2.6,65.25,1.0,2.533,186.197,2.295,0.0,0.0,0
2024-04-27 17:00:00,20.55,0.0,3.375,66.75,1.0,1.837,94.6,1.878,0.0,0.0,0
2024-04-27 18:00:00,20.3,0.0,1.2,65.25,0.95,1.037,24.764,2.678,0.0,0.0,0
2024-04-27 19:00:00,18.575,0.0,1.75,71.0,0.675,0.27,7.465,4.763,0.0,0.0,0
2024-04-27 20:00:00,17.1,0.0,1.35,76.75,0.0,0.003,6.754,4.722,0.0,0.0,0
2024-04-27 21:00:00,16.35,0.0,1.5,79.0,0.0,0.0,4.248,5.714,0.0,0.0,0
2024-04-27 22:00:00,16.075,0.0,1.375,76.5,0.0,0.0,0.809,7.055,0.0,0.0,0
2024-04-27 23:00:00,16.225,0.0,2.05,75.5,0.0,0.0,0.0,3.532,0.0,0.0,0
2024-04-28 00:00:00,16.1,0.0,1.675,73.0,0.0,0.0,0.0,0.36,0.0,0.0,0
2024-05-02 01:00:00,14.15,0.0,2.925,73.5,0.0,0.0,0.0,43.009,0.0,0.0,0
2024-05-02 02:00:00,14.1,0.0,2.975,72.5,0.0,0.0,0.0,28.591,0.0,0.0,0
2024-05-02 03:00:00,13.8,0.0,3.225,73.0,0.0,0.0,0.0,55.875,0.0,0.0,0
2024-05-02 04:00:00,13.9,0.0,3.275,71.75,0.0,0.0,0.0,52.246,0.0,0.0,0
2024-05-02 05:00:00,13.1,0.0,2.9,73.25,0.0,0.0,0.188,55.432,0.0,0.0,0
2024-05-02 06:00:00,13.475,0.0,2.975,67.0,0.0,0.0,20.143,58.727,0.0,0.0,0
2024-05-02 07:00:00,14.0,0.0,2.75,68.5,0.175,0.223,71.253,64.051,0.0,0.0,0
2024-05-02 08:00:00,15.275,0.0,3.55,63.25,0.45,0.767,163.037,67.375,0.0,0.0,0
2024-05-02 09:00:00,16.875,0.0,3.5,57.5,0.85,1.64,259.911,64.652,0.0,0.0,0
2024-05-02 10:00:00,18.05,0.0,4.5,51.0,0.975,2.503,322.419,47.921,0.0,0.0,0
2024-05-02 11:00:00,18.25,0.0,5.0,52.25,1.0,3.003,344.833,5.95,0.0,14.0,1
2024-05-02 12:00:00,18.95,0.0,4.875,50.5,1.0,3.347,338.431,5.326,0.0,46.0,1
2024-05-02 13:00:00,18.725,0.0,4.425,53.25,1.0,3.403,333.262,4.919,0.0,47.0,1
2024-05-02 14:00:00,19.15,0.0,3.85,53.5,1.0,3.357,289.4,20.286,0.0,47.0,1
2024-05-02 15:00:00,18.7,0.0,3.725,51.75,0.975,2.657,221.649,25.697,0.0,10.0,1
2024-05-02 16:00:00,18.575,0.0,3.825,51.25,0.85,1.973,101.047,25.456,0.0,0.0,0
2024-05-02 17:00:00,17.35,0.0,3.75,56.5,0.125,0.78,44.849,20.24,0.0,0.0,0
2024-05-02 18:00:00,16.825,0.0,2.65,59.25,0.075,0.43,31.941,23.316,0.0,0.0,0
2024-05-02 19:00:00,16.375,0.0,1.925,62.75,0.1,0.263,8.568,36.507,0.0,0.0,0
2024-05-02 20:00:00,15.425,0.0,1.95,67.75,0.0,0.01,6.444,27.254,0.0,0.0,0
2024-05-02 21:00:00,14.775,0.0,1.45,72.25,0.0,0.0,4.221,19.347,0.0,0.0,0
2024-05-02 22:00:00,14.6,0.0,1.9,74.75,0.0,0.0,0.769,19.355,0.0,0.0,0
2024-05-02 23:00:00,14.175,0.0,2.05,77.25,0.0,0.0,0.0,21.839,0.0,0.0,0
2024-05-03 00:00:00,14.025,0.0,2.575,77.0,0.0,0.0,0.0,25.644,0.0,0.0,0
2024-05-03 01:00:00,14.4,0.0,1.925,76.0,0.0,0.0,0.002,37.167,0.0,0.0,0
2024-05-03 02:00:00,14.75,0.0,2.225,73.5,0.0,0.0,0.001,37.571,0.0,0.0,0
2024-05-03 03:00:00,14.35,0.0,2.475,75.75,0.0,0.0,0.0,36.891,0.0,0.0,0
2024-05-03 04:00:00,13.925,0.0,2.0,75.25,0.0,0.0,0.001,48.496,0.0,0.0,0
2024-05-03 05:00:00,13.625,0.0,2.925,77.5,0.0,0.0,0.275,57.589,0.0,0.0,0
2024-05-03 06:00:00,13.25,0.0,2.975,79.5,0.0,0.0,16.974,54.914,0.0,0.0,0
2024-05-03 07:00:00,14.125,0.0,2.375,82.0,0.525,0.253,77.385,36.942,0.0,0.0,0
2024-05-03 08:00:00,16.375,0.0,2.25,78.25,0.75,0.953,169.428,24.185,0.0,0.0,0
2024-05-03 09:00:00,17.625,0.0,3.175,73.75,0.925,1.773,257.68,21.615,0.0,0.0,0
2024-05-03 10:00:00,18.25,0.0,3.55,72.0,1.0,2.5,315.445,27.709,0.0,0.0,0
2024-05-03 11:00:00,19.0,0.0,4.2,68.5,1.0,3.077,347.795,8.286,0.0,2.0,1
2024-05-03 12:00:00,19.2,0.0,4.1,66.5,0.8,3.427,336.387,3.078,0.0,26.0,1
2024-05-03 13:00:00,19.8,0.0,3.925,57.75,0.925,3.547,334.821,9.323,0.0,26.0,1
2024-05-03 14:00:00,20.575,0.0,3.225,59.0,1.0,3.403,313.662,13.418,0.0,9.0,1
2024-05-03 15:00:00,20.1,0.0,3.375,60.0,1.0,3.08,265.993,14.869,0.0,0.0,0
2024-05-03 16:00:00,20.05,0.0,3.7,61.5,1.0,2.573,189.203,22.427,0.0,0.0,0
2024-05-03 17:00:00,19.6,0.0,3.375,56.25,1.0,1.897,99.771,21.206,0.0,0.0,0
2024-05-03 18:00:00,18.95,0.0,3.175,60.75,0.975,1.107,27.234,13.714,0.0,0.0,0
2024-05-03 19:00:00,17.525,0.0,2.25,68.75,0.8,0.343,8.361,7.414,0.0,0.0,0
2024-05-03 20:00:00,16.3,0.0,1.675,65.0,0.0,0.007,7.572,5.022,0.0,0.0,0
2024-05-03 21:00:00,15.7,0.0,1.95,63.5,0.0,0.0,4.87,8.379,0.0,0.0,0
2024-05-03 22:00:00,15.475,0.0,1.175,71.5,0.0,0.0,0.987,9.715,0.0,0.0,0
2024-05-03 23:00:00,15.4,0.0,1.85,74.0,0.0,0.0,0.001,3.488,0.0,0.0,0
2024-05-04 00:00:00,15.45,0.0,1.775,73.75,0.0,0.0,0.001,3.91,0.0,0.0,0
2024-05-07 01:00:00,15.725,0.0,5.675,87.25,0.0,0.0,0.001,66.628,0.0,0.0,0
2024-05-07 02:00:00,15.4,0.0,4.725,83.75,0.0,0.0,0.0,52.797,0.0,0.0,0
2024-05-07 03:00:00,14.75,0.0,4.35,85.25,0.0,0.0,0.0,52.419,0.0,0.0,0
2024-05-07 04:00:00,14.45,0.0,4.25,85.25,0.0,0.0,0.0,72.671,0.0,0.0,0
2024-05-07 05:00:00,14.45,0.0,5.05,85.5,0.0,0.0,0.302,96.088,0.0,0.0,0
2024-05-07 06:00:00,14.55,0.0,5.3,84.25,0.0,0.0,18.513,98.282,0.0,0.0,0
2024-05-07 07:00:00,15.7,0.0,5.275,75.5,0.625,0.253,81.062,110.64,0.0,0.0,0
2024-05-07 08:00:00,17.75,0.0,6.625,67.0,0.975,0.93,169.033,146.987,0.0,0.0,0
2024-05-07 09:00:00,18.8,0.0,8.15,65.25,1.0,1.713,251.352,118.991,0.0,0.0,0
2024-05-07 10:00:00,19.95,0.0,6.85,60.5,1.0,2.393,307.579,50.24,0.0,58.0,1
2024-05-07 11:00:00,20.55,0.0,7.425,57.75,1.0,2.947,330.409,21.103,0.0,141.0,1
2024-05-07 12:00:00,21.1,0.0,7.325,57.25,1.0,3.26,332.405,16.148,0.0,170.0,1
2024-05-07 13:00:00,21.55,0.0,7.075,55.5,1.0,3.39,323.263,31.498,0.0,170.0,1
2024-05-07 14:00:00,21.425,0.0,7.225,58.25,1.0,3.22,296.945,73.868,0.0,154.0,1
2024-05-07 15:00:00,21.1,0.0,7.125,57.25,1.0,2.88,247.404,123.847,0.0,83.0,1
2024-05-07 16:00:00,20.65,0.0,6.925,58.0,1.0,2.35,170.86,145.867,0.0,23.0,1
2024-05-07 17:00:00,19.925,0.0,6.325,59.75,1.0,1.66,86.896,130.79,0.0,0.0,0
2024-05-07 18:00:00,18.825,0.0,6.025,62.5,1.0,0.9,28.259,102.342,0.0,0.0,0
2024-05-07 19:00:00,17.3,0.0,5.35,68.5,0.575,0.27,8.604,104.602,0.0,0.0,0
2024-05-07 20:00:00,16.175,0.0,4.975,73.0,0.0,0.007,7.311,117.071,0.0,0.0,0
2024-05-07 21:00:00,15.825,0.0,5.075,73.25,0.0,0.0,4.785,99.547,0.0,0.0,0
2024-05-07 22:00:00,15.6,0.0,4.85,74.25,0.0,0.0,1.22,67.732,0.0,0.0,0
2024-05-07 23:00:00,15.175,0.0,4.35,78.25,0.0,0.0,0.016,66.409,0.0,0.0,0
2024-05-08 00:00:00,15.05,0.0,4.95,78.5,0.0,0.0,0.0,56.996,0.0,0.0,0
2024-05-09 01:00:00,12.725,0.0,1.825,79.75,0.0,0.0,0.001,0.07,0.0,0.0,0
2024-05-09 02:00:00,12.225,0.0,2.35,82.75,0.0,0.0,0.0,4.221,0.0,0.0,0
2024-05-09 03:00:00,12.2,0.0,1.85,83.0,0.0,0.0,0.0,7.674,0.0,0.0,0
2024-05-09 04:00:00,12.0,0.0,2.175,84.5,0.0,0.0,0.0,10.874,0.0,0.0,0
2024-05-09 05:00:00,11.925,0.0,2.075,83.0,0.0,0.0,0.481,21.161,0.0,0.0,0
2024-05-09 06:00:00,11.875,0.0,2.425,82.0,0.0,0.003,18.432,43.376,0.0,0.0,0
2024-05-09 07:00:00,13.4,0.0,1.75,79.0,0.875,0.32,90.465,32.678,0.0,0.0,0
2024-05-09 08:00:00,15.775,0.0,2.2,70.25,0.975,1.06,188.14,31.191,0.0,0.0,0
2024-05-09 09:00:00,17.15,0.0,2.55,65.0,1.0,1.9,270.526,18.829,0.0,0.0,0
2024-05-09 10:00:00,18.15,0.0,3.325,60.0,1.0,2.623,323.044,9.093,0.0,0.0,0
2024-05-09 11:00:00,18.925,0.0,3.025,57.5,1.0,3.187,342.954,3.758,0.0,0.0,0
2024-05-09 12:00:00,19.825,0.0,3.25,57.25,1.0,3.53,341.369,6.75,0.0,1.0,1
2024-05-09 13:00:00,19.775,0.0,4.3,56.25,1.0,3.653,332.286,8.082,0.0,2.0,1
2024-05-09 14:00:00,20.15,0.0,3.95,55.25,1.0,3.513,314.698,5.371,0.0,5.0,1
2024-05-09 15:00:00,20.3,0.0,3.975,54.5,1.0,3.163,268.626,8.678,0.0,1.0,1
2024-05-09 16:00:00,20.35,0.0,4.4,55.25,1.0,2.57,186.916,12.765,0.0,0.0,0
2024-05-09 17:00:00,20.125,0.0,4.475,53.75,1.0,1.863,94.59,15.723,0.0,0.0,0
2024-05-09 18:00:00,19.45,0.0,3.575,48.75,1.0,1.043,28.51,21.343,0.0,0.0,0
2024-05-09 19:00:00,17.65,0.0,2.525,52.25,0.825,0.34,8.612,15.926,0.0,0.0,0
2024-05-09 20:00:00,16.125,0.0,2.125,64.0,0.0,0.007,7.335,12.418,0.0,0.0,0
2024-05-09 21:00:00,15.075,0.0,1.825,70.0,0.0,0.0,4.796,8.176,0.0,0.0,0
2024-05-09 22:00:00,14.525,0.0,1.9,67.75,0.0,0.0,1.313,6.858,0.0,0.0,0
2024-05-09 23:00:00,14.05,0.0,1.5,68.25,0.0,0.0,0.018,4.686,0.0,0.0,0
2024-05-10 00:00:00,13.925,0.0,1.525,67.0,0.0,0.0,0.0,3.395,0.0,0.0,0
2024-05-10 01:00:00,13.625,0.0,1.9,65.25,0.0,0.0,0.001,4.48,0.0,0.0,0
2024-05-10 02:00:00,13.575,0.0,1.8,64.5,0.0,0.0,0.001,3.825,0.0,0.0,0
2024-05-10 03:00:00,13.35,0.0,1.75,67.0,0.0,0.0,0.0,1.076,0.0,0.0,0
2024-05-10 04:00:00,12.575,0.0,0.975,70.5,0.0,0.0,0.0,0.822,0.0,0.0,0
2024-05-10 05:00:00,12.325,0.0,1.575,71.75,0.0,0.0,0.518,2.799,0.0,0.0,0
2024-05-10 06:00:00,11.9,0.0,1.9,73.25,0.0,0.007,19.625,5.609,0.0,0.0,0
2024-05-10 07:00:00,14.225,0.0,1.9,64.0,0.9,0.32,89.597,8.211,0.0,0.0,0
2024-05-10 08:00:00,17.2,0.0,1.575,63.75,0.975,1.06,183.886,13.966,0.0,0.0,0
2024-05-10 09:00:00,18.45,0.0,2.9,62.75,1.0,1.877,263.407,30.442,0.0,0.0,0
2024-05-10 10:00:00,19.125,0.0,3.7,64.25,1.0,2.593,316.49,40.815,0.0,0.0,0
2024-05-10 11:00:00,19.5,0.0,4.7,64.0,1.0,3.137,338.79,19.71,0.0,3.0,1
2024-05-10 12:00:00,20.425,0.0,4.8,55.0,1.0,3.48,338.341,5.623,0.0,17.0,1
2024-05-10 13:00:00,20.675,0.0,5.0,52.75,1.0,3.607,329.75,11.667,0.0,35.0,1
2024-05-10 14:00:00,20.85,0.0,4.7,49.75,1.0,3.503,311.505,40.407,0.0,32.0,1
2024-05-10 15:00:00,21.025,0.0,5.125,54.5,1.0,3.147,269.857,75.728,0.0,16.0,1
2024-05-10 16:00:00,20.85,0.0,4.6,59.75,1.0,2.593,192.384,97.705,0.0,1.0,1
2024-05-10 17:00:00,20.275,0.0,5.1,62.5,1.0,1.91,100.108,107.682,0.0,0.0,0
2024-05-10 18:00:00,19.5,0.0,4.325,66.25,1.0,1.143,29.043,117.201,0.0,0.0,0
2024-05-10 19:00:00,18.3,0.0,3.825,72.5,0.9,0.387,8.745,135.458,0.0,0.0,0
2024-05-10 20:00:00,17.2,0.0,2.875,79.25,0.0,0.013,7.203,137.962,0.0,0.0,0
2024-05-10 21:00:00,16.825,0.0,2.825,81.75,0.0,0.0,4.689,150.846,0.0,0.0,0
2024-05-10 22:00:00,16.85,0.0,3.0,80.25,0.0,0.0,1.213,150.547,0.0,0.0,0
2024-05-10 23:00:00,16.95,0.0,3.0,78.75,0.0,0.0,0.015,161.107,0.0,0.0,0
2024-05-11 00:00:00,16.825,0.0,3.275,78.75,0.0,0.0,0.0,152.219,0.0,0.0,0
2024-05-11 01:00:00,16.825,0.0,2.95,80.0,0.0,0.0,0.001,165.43,0.0,0.0,0
2024-05-11 02:00:00,17.225,0.0,3.575,81.25,0.0,0.0,0.0,174.955,0.0,0.0,0
2024-05-11 03:00:00,17.525,0.0,3.675,80.75,0.0,0.0,0.0,185.312,0.0,0.0,0
2024-05-11 04:00:00,17.725,0.0,4.275,80.25,0.0,0.0,0.0,177.818,0.0,0.0,0
2024-05-11 05:00:00,17.55,0.0,3.975,82.25,0.0,0.0,1.123,174.189,0.0,0.0,0
2024-05-11 06:00:00,17.775,0.0,3.3,83.25,0.0,0.007,20.266,185.809,0.0,0.0,0
2024-05-11 07:00:00,18.55,0.0,3.75,81.0,0.15,0.23,60.256,206.913,0.0,0.0,0
2024-05-11 08:00:00,20.05,0.0,4.525,76.75,0.3,0.697,130.235,204.408,0.0,0.0,0
2024-05-11 09:00:00,21.175,0.0,4.925,73.25,0.4,1.143,114.918,188.587,0.0,0.0,0
2024-05-11 10:00:00,21.275,0.0,4.725,72.5,0.075,1.163,140.316,211.724,0.0,0.0,0
2024-05-11 11:00:00,21.475,0.0,4.575,72.75,0.125,1.41,154.214,223.061,0.0,9.0,1
2024-05-11 12:00:00,22.1,0.0,5.65,70.0,0.05,1.54,171.114,210.065,0.0,5.0,1
2024-05-11 13:00:00,22.675,0.0,6.3,69.75,0.2,1.633,130.723,208.424,0.0,23.0,1
2024-05-11 14:00:00,21.725,0.0,4.8,71.5,0.075,0.83,59.318,196.929,0.0,0.0,0
2024-05-11 15:00:00,21.025,0.0,4.5,75.0,0.0,0.4,36.218,171.373,0.0,0.0,0
2024-05-11 16:00:00,20.675,0.0,4.475,77.5,0.0,0.27,20.32,190.404,0.0,0.0,0
2024-05-11 17:00:00,19.775,0.133,4.525,83.75,0.0,0.093,11.085,212.611,0.0,0.0,0
2024-05-11 18:00:00,19.175,1.5,4.125,85.5,0.0,0.03,6.521,176.998,0.0,0.0,0
2024-05-11 19:00:00,18.575,3.05,4.475,89.25,0.0,0.013,4.822,194.554,0.0,0.0,0
2024-05-11 20:00:00,18.175,4.0,4.725,91.5,0.0,0.003,3.27,181.846,0.0,0.0,0
2024-05-11 21:00:00,18.05,3.75,4.5,93.75,0.0,0.0,1.943,150.568,0.0,0.0,0
2024-05-11 22:00:00,17.775,5.325,4.175,95.25,0.0,0.0,0.376,156.781,0.0,0.0,0
2024-05-11 23:00:00,17.8,7.05,3.85,96.0,0.0,0.0,0.015,153.139,0.0,0.0,0
2024-05-12 00:00:00,17.85,3.1,3.825,95.75,0.0,0.0,0.0,127.367,0.0,0.0,0
2024-05-13 01:00:00,14.575,0.0,3.95,66.25,0.0,0.0,0.0,193.507,0.0,0.0,0
2024-05-13 02:00:00,14.575,0.0,4.1,65.5,0.0,0.0,0.0,169.004,0.0,0.0,0
2024-05-13 03:00:00,14.25,0.0,2.775,66.0,0.0,0.0,0.0,154.018,0.0,0.0,0
2024-05-13 04:00:00,14.025,0.0,2.9,65.5,0.0,0.0,0.0,140.463,0.0,0.0,0
2024-05-13 05:00:00,14.125,0.0,2.825,62.25,0.0,0.0,0.407,131.726,0.0,0.0,0
2024-05-13 06:00:00,14.475,0.0,2.95,61.25,0.0,0.0,18.64,119.197,0.0,0.0,0
2024-05-13 07:00:00,15.725,0.0,3.075,58.5,0.9,0.367,88.476,78.089,0.0,0.0,0
2024-05-13 08:00:00,17.75,0.0,3.5,55.5,0.975,1.15,181.017,56.098,0.0,0.0,0
2024-05-13 09:00:00,19.25,0.0,3.675,51.5,1.0,1.94,258.66,42.711,0.0,0.0,0
2024-05-13 10:00:00,19.8,0.0,4.2,50.0,1.0,2.643,313.689,34.474,0.0,0.0,0
2024-05-13 11:00:00,20.325,0.0,3.95,49.75,1.0,3.147,338.187,5.947,0.0,2.0,1
2024-05-13 12:00:00,20.675,0.0,3.85,51.75,1.0,3.467,317.622,6.789,0.0,20.0,1
2024-05-13 13:00:00,20.525,0.0,4.625,55.0,1.0,3.4,341.81,5.463,0.0,16.0,1
2024-05-13 14:00:00,20.6,0.0,4.3,56.75,1.0,3.53,323.226,7.242,0.0,15.0,1
2024-05-13 15:00:00,21.1,0.0,4.075,57.5,1.0,3.227,271.81,18.567,0.0,15.0,1
2024-05-13 16:00:00,20.85,0.0,3.525,57.25,1.0,2.67,193.063,10.751,0.0,0.0,0
2024-05-13 17:00:00,20.65,0.0,3.075,56.0,1.0,1.903,100.862,6.869,0.0,0.0,0
2024-05-13 18:00:00,20.125,0.0,3.125,57.25,1.0,1.183,29.213,9.958,0.0,0.0,0
2024-05-13 19:00:00,18.65,0.0,2.95,61.75,0.9,0.42,8.939,21.857,0.0,0.0,0
2024-05-13 20:00:00,17.225,0.0,2.2,65.5,0.025,0.013,6.632,23.004,0.0,0.0,0
2024-05-13 21:00:00,16.525,0.0,2.375,65.75,0.0,0.0,4.625,18.956,0.0,0.0,0
2024-05-13 22:00:00,16.1,0.0,2.2,60.0,0.0,0.0,0.884,7.847,0.0,0.0,0
2024-05-13 23:00:00,15.7,0.0,2.6,59.75,0.0,0.0,0.0,4.958,0.0,0.0,0
2024-05-14 00:00:00,15.25,0.0,2.1,61.75,0.0,0.0,0.0,4.488,0.0,0.0,0
2024-05-15 01:00:00,15.525,0.0,1.525,47.75,0.0,0.0,0.002,4.193,0.0,0.0,0
2024-05-15 02:00:00,14.525,0.0,1.075,52.25,0.0,0.0,0.001,6.395,0.0,0.0,0
2024-05-15 03:00:00,14.7,0.0,1.4,47.0,0.0,0.0,0.0,6.562,0.0,0.0,0
2024-05-15 04:00:00,14.575,0.0,1.475,45.25,0.0,0.0,0.001,7.271,0.0,0.0,0
2024-05-15 05:00:00,14.5,0.0,2.05,45.25,0.0,0.0,0.719,20.6,0.0,0.0,0
2024-05-15 06:00:00,14.4,0.0,2.725,49.5,0.025,0.01,20.399,10.1,0.0,0.0,0
2024-05-15 07:00:00,16.325,0.0,1.725,46.0,0.9,0.43,96.13,15.02,0.0,0.0,0
2024-05-15 08:00:00,19.2,0.0,2.325,41.75,0.975,1.22,191.777,14.233,0.0,0.0,0
2024-05-15 09:00:00,20.125,0.0,2.7,47.5,1.0,2.037,268.546,15.813,0.0,0.0,0
2024-05-15 10:00:00,20.7,0.0,3.025,46.75,1.0,2.75,310.734,6.609,0.0,0.0,0
2024-05-15 11:00:00,21.55,0.0,3.325,43.25,1.0,3.307,306.945,10.843,0.0,24.0,1
2024-05-15 12:00:00,22.125,0.0,5.0,51.5,1.0,3.637,285.102,25.325,0.0,29.0,1
2024-05-15 13:00:00,22.725,0.0,5.775,36.75,1.0,3.737,276.817,29.11,0.0,47.0,1
2024-05-15 14:00:00,22.3,0.0,7.125,41.75,1.0,3.603,256.289,47.559,0.0,63.0,1
2024-05-15 15:00:00,21.475,0.0,6.55,51.75,0.925,3.05,157.528,192.957,0.0,59.0,1
2024-05-15 16:00:00,18.525,0.0,8.65,64.5,0.525,1.143,81.09,251.53,0.0,0.0,0
2024-05-15 17:00:00,17.2,0.0,8.075,65.75,0.45,0.763,31.359,261.424,0.0,0.0,0
2024-05-15 18:00:00,16.15,0.0,8.525,66.0,0.2,0.463,29.208,279.998,0.0,0.0,0
2024-05-15 19:00:00,14.625,0.0,7.5,61.0,0.6,0.427,8.862,282.132,0.0,0.0,0
2024-05-15 20:00:00,13.9,0.0,8.0,62.25,0.0,0.02,6.748,252.429,0.0,0.0,0
2024-05-15 21:00:00,13.8,0.0,8.125,65.75,0.0,0.0,4.616,234.241,0.0,0.0,0
2024-05-15 22:00:00,13.9,0.0,8.475,65.5,0.0,0.0,1.304,232.152,0.0,0.0,0
2024-05-15 23:00:00,14.15,0.0,7.8,59.75,0.0,0.0,0.019,240.4,0.0,0.0,0
2024-05-16 00:00:00,14.325,0.0,7.65,54.75,0.0,0.0,0.0,246.479,0.0,0.0,0
2024-05-16 01:00:00,14.65,0.0,9.075,54.0,0.0,0.0,0.002,244.984,0.0,0.0,0
2024-05-16 02:00:00,14.9,0.0,8.65,52.5,0.0,0.0,0.001,256.856,0.0,0.0,0
2024-05-16 03:00:00,14.975,0.0,8.65,52.5,0.0,0.0,0.0,268.18,0.0,0.0,0
2024-05-16 04:00:00,14.975,0.0,8.275,53.5,0.0,0.0,0.001,263.116,0.0,0.0,0
2024-05-16 05:00:00,14.925,0.0,7.1,52.5,0.0,0.0,0.774,259.39,0.0,0.0,0
2024-05-16 06:00:00,15.025,0.0,7.525,51.75,0.0,0.017,20.489,238.244,0.0,0.0,0
2024-05-16 07:00:00,15.85,0.0,6.1,51.75,0.9,0.403,92.369,193.132,0.0,0.0,0
2024-05-16 08:00:00,17.325,0.0,6.65,52.75,1.0,1.163,188.007,181.384,0.0,0.0,0
2024-05-16 09:00:00,18.925,0.0,6.65,43.5,1.0,1.963,268.913,121.802,0.0,3.0,1
2024-05-16 10:00:00,19.85,0.0,7.6,41.25,1.0,2.683,323.842,54.557,0.0,57.0,1
2024-05-16 11:00:00,20.75,0.0,7.775,39.25,1.0,3.24,352.627,15.059,0.0,114.0,1
2024-05-16 12:00:00,20.8,0.0,8.25,41.5,1.0,3.603,355.789,12.242,0.0,153.0,1
2024-05-16 13:00:00,21.3,0.0,8.225,42.0,1.0,3.737,352.131,13.039,0.0,154.0,1
2024-05-16 14:00:00,21.575,0.0,8.8,36.25,1.0,3.64,332.936,36.275,0.0,154.0,1
2024-05-16 15:00:00,22.0,0.0,8.6,33.5,1.0,3.3,275.732,101.591,0.0,136.0,1
2024-05-16 16:00:00,21.95,0.0,8.4,33.75,1.0,2.733,194.129,159.347,0.0,57.0,1
2024-05-16 17:00:00,21.25,0.0,8.5,42.0,1.0,2.017,101.887,161.085,0.0,0.0,0
2024-05-16 18:00:00,20.475,0.0,7.175,44.75,1.0,1.23,31.625,121.378,0.0,0.0,0
2024-05-16 19:00:00,19.075,0.0,5.75,51.0,0.925,0.463,9.093,107.744,0.0,0.0,0
2024-05-16 20:00:00,17.675,0.0,5.225,51.0,0.0,0.04,7.443,87.355,0.0,0.0,0
2024-05-16 21:00:00,17.15,0.0,5.05,49.75,0.0,0.0,4.909,65.421,0.0,0.0,0
2024-05-16 22:00:00,17.05,0.0,4.225,43.5,0.0,0.0,1.238,70.032,0.0,0.0,0
2024-05-16 23:00:00,16.4,0.0,3.425,44.75,0.0,0.0,0.018,61.198,0.0,0.0,0
2024-05-17 00:00:00,16.2,0.0,4.075,41.5,0.0,0.0,0.0,45.796,0.0,0.0,0
2024-05-17 01:00:00,16.9,0.0,4.425,41.5,0.0,0.0,0.002,74.24,0.0,0.0,0
2024-05-17 02:00:00,16.925,0.0,4.325,43.25,0.0,0.0,0.001,112.716,0.0,0.0,0
2024-05-17 03:00:00,16.675,0.0,3.8,46.0,0.0,0.0,0.0,120.072,0.0,0.0,0
2024-05-17 04:00:00,16.75,0.0,3.9,47.25,0.0,0.0,0.001,128.609,0.0,0.0,0
2024-05-17 05:00:00,16.525,0.0,3.7,45.5,0.0,0.0,0.691,109.783,0.0,0.0,0
2024-05-17 06:00:00,15.5,0.0,2.85,50.5,0.0,0.063,21.773,91.97,0.0,0.0,0
2024-05-17 07:00:00,16.775,0.0,2.2,48.25,0.85,0.477,95.644,83.462,0.0,0.0,0
2024-05-17 08:00:00,19.275,0.0,3.925,41.75,1.0,1.27,189.388,86.176,0.0,0.0,0
2024-05-17 09:00:00,20.625,0.0,4.75,41.75,1.0,2.073,263.764,49.679,0.0,0.0,0
2024-05-17 10:00:00,21.35,0.0,5.05,42.0,1.0,2.777,284.827,5.369,0.0,50.0,1
2024-05-17 11:00:00,21.425,0.0,6.95,43.75,1.0,3.37,284.822,10.872,0.0,83.0,1
2024-05-17 12:00:00,21.675,0.0,6.35,45.0,1.0,3.67,288.406,14.729,0.0,79.0,1
2024-05-17 13:00:00,21.925,0.0,5.4,49.5,1.0,3.727,305.532,12.447,0.0,87.0,1
2024-05-17 14:00:00,21.95,0.0,5.425,55.0,1.0,3.61,308.932,14.551,0.0,92.0,1
2024-05-17 15:00:00,21.95,0.0,5.475,58.0,1.0,3.187,257.996,86.265,0.0,87.0,1
2024-05-17 16:00:00,21.975,0.0,4.6,56.75,1.0,2.627,188.602,83.578,0.0,17.0,1
2024-05-17 17:00:00,21.8,0.0,4.925,56.5,1.0,2.0,101.26,84.694,0.0,0.0,0
2024-05-17 18:00:00,20.925,0.0,4.675,61.0,1.0,1.24,31.204,93.333,0.0,0.0,0
2024-05-17 19:00:00,19.75,0.0,3.4,65.0,0.825,0.443,9.66,92.083,0.0,0.0,0
2024-05-17 20:00:00,18.65,0.0,2.6,69.0,0.0,0.047,7.415,100.594,0.0,0.0,0
2024-05-17 21:00:00,18.1,0.0,2.525,72.75,0.0,0.0,4.887,95.557,0.0,0.0,0
2024-05-17 22:00:00,17.675,0.0,2.7,72.75,0.0,0.0,1.341,101.852,0.0,0.0,0
2024-05-17 23:00:00,17.55,0.0,2.525,75.5,0.0,0.0,0.019,87.989,0.0,0.0,0
2024-05-18 00:00:00,17.35,0.0,2.475,77.75,0.0,0.0,0.0,72.936,0.0,0.0,0
2024-05-18 01:00:00,17.175,0.0,2.725,80.0,0.0,0.0,0.002,66.685,0.0,0.0,0
2024-05-18 02:00:00,16.975,0.0,2.6,79.5,0.0,0.0,0.001,76.665,0.0,0.0,0
2024-05-18 03:00:00,16.9,0.0,2.575,78.0,0.0,0.0,0.001,89.545,0.0,0.0,0
2024-05-18 04:00:00,16.625,0.0,2.8,77.25,0.0,0.0,0.0,61.262,0.0,0.0,0
2024-05-18 05:00:00,16.575,0.0,2.65,77.5,0.0,0.0,0.873,68.278,0.0,0.0,0
2024-05-18 06:00:00,16.5,0.0,2.825,77.75,0.025,0.04,23.361,45.264,0.0,0.0,0
2024-05-18 07:00:00,18.275,0.0,2.375,74.0,0.875,0.463,89.608,24.667,0.0,0.0,0
2024-05-18 08:00:00,20.55,0.0,2.025,68.25,1.0,1.193,171.013,29.417,0.0,0.0,0
2024-05-18 09:00:00,21.85,0.0,2.45,65.0,1.0,1.93,247.467,28.727,0.0,0.0,0
2024-05-18 10:00:00,22.35,0.0,3.275,63.75,0.975,2.443,304.542,24.508,0.0,0.0,0
2024-05-18 11:00:00,22.5,0.0,3.075,66.5,1.0,3.313,324.147,9.267,0.0,6.0,1
2024-05-18 12:00:00,22.4,0.0,3.6,65.5,0.975,3.453,315.444,3.267,0.0,18.0,1
2024-05-18 13:00:00,22.95,0.0,3.55,61.5,1.0,3.8,321.649,4.272,0.0,25.0,1
2024-05-18 14:00:00,23.275,0.0,3.4,60.75,1.0,3.58,303.057,6.662,0.0,25.0,1
2024-05-18 15:00:00,23.825,0.0,2.675,61.0,1.0,3.287,269.67,13.051,0.0,17.0,1
2024-05-18 16:00:00,23.2,0.0,2.65,61.75,1.0,2.73,195.766,11.613,0.0,3.0,1
2024-05-18 17:00:00,23.35,0.0,2.075,58.75,1.0,2.067,105.105,11.556,0.0,0.0,0
2024-05-18 18:00:00,22.125,0.0,2.15,64.0,1.0,1.287,31.052,17.739,0.0,0.0,0
2024-05-18 19:00:00,20.575,0.0,1.6,67.75,0.925,0.51,8.99,20.132,0.0,0.0,0
2024-05-18 20:00:00,19.05,0.0,2.125,71.5,0.1,0.043,7.221,26.614,0.0,0.0,0
2024-05-18 21:00:00,17.975,0.0,1.9,73.25,0.0,0.0,4.964,23.26,0.0,0.0,0
2024-05-18 22:00:00,17.325,0.0,2.25,73.25,0.0,0.0,1.287,19.823,0.0,0.0,0
2024-05-18 23:00:00,16.775,0.0,2.15,68.25,0.0,0.0,0.017,35.726,0.0,0.0,0
2024-05-19 00:00:00,16.25,0.0,2.15,61.75,0.0,0.0,0.0,30.301,0.0,0.0,0
2024-05-19 01:00:00,16.2,0.0,2.275,57.75,0.0,0.0,0.002,22.501,0.0,0.0,0
2024-05-19 02:00:00,16.325,0.0,2.2,55.25,0.0,0.0,0.001,17.993,0.0,0.0,0
2024-05-19 03:00:00,16.25,0.0,2.15,60.0,0.0,0.0,0.001,13.165,0.0,0.0,0
2024-05-19 04:00:00,15.9,0.0,2.05,64.75,0.0,0.0,0.001,12.815,0.0,0.0,0
2024-05-19 05:00:00,15.475,0.0,2.375,66.75,0.0,0.0,0.902,21.586,0.0,0.0,0
2024-05-19 06:00:00,15.65,0.0,2.3,66.0,0.05,0.047,21.215,7.725,0.0,0.0,0
2024-05-19 07:00:00,17.725,0.0,1.575,62.75,0.9,0.477,93.71,3.403,0.0,0.0,0
2024-05-19 08:00:00,21.4,0.0,1.3,54.75,1.0,1.223,184.99,1.394,0.0,0.0,0
2024-05-19 09:00:00,23.025,0.0,2.25,49.0,1.0,2.04,260.48,3.969,0.0,0.0,0
2024-05-19 10:00:00,22.85,0.0,2.45,58.5,1.0,2.733,307.556,6.075,0.0,0.0,0
2024-05-19 11:00:00,23.3,0.0,2.45,50.5,1.0,3.297,319.097,6.679,0.0,0.0,0
2024-05-19 12:00:00,23.325,0.0,2.4,56.25,1.0,3.643,317.832,7.087,0.0,3.0,1
2024-05-19 13:00:00,23.025,0.0,2.675,53.0,1.0,3.753,308.604,7.197,0.0,8.0,1
2024-05-19 14:00:00,23.1,0.0,3.1,54.5,1.0,3.64,303.752,8.017,0.0,8.0,1
2024-05-19 15:00:00,23.2,0.0,2.825,58.0,1.0,3.293,264.642,8.697,0.0,5.0,1
2024-05-19 16:00:00,22.95,0.0,2.1,56.0,1.0,2.737,192.031,3.0,0.0,0.0,0
2024-05-19 17:00:00,22.85,0.0,2.075,53.5,1.0,2.057,102.868,1.942,0.0,0.0,0
2024-05-19 18:00:00,22.3,0.0,1.525,53.5,1.0,1.273,31.213,4.839,0.0,0.0,0
2024-05-19 19:00:00,21.725,0.0,1.3,42.25,0.925,0.503,9.154,4.257,0.0,0.0,0
2024-05-19 20:00:00,19.625,0.0,1.525,49.75,0.1,0.05,7.261,0.96,0.0,0.0,0
2024-05-19 21:00:00,19.0,0.0,0.475,53.5,0.0,0.0,4.924,0.219,0.0,0.0,0
2024-05-19 22:00:00,18.525,0.0,1.325,51.5,0.0,0.0,1.3,0.844,0.0,0.0,0
2024-05-19 23:00:00,18.225,0.0,1.725,49.25,0.0,0.0,0.018,0.318,0.0,0.0,0
2024-05-20 00:00:00,17.925,0.0,1.825,45.5,0.0,0.0,0.0,1.878,0.0,0.0,0
2024-05-24 01:00:00,18.775,0.0,2.0,65.25,0.0,0.0,0.001,52.927,0.0,0.0,0
2024-05-24 02:00:00,19.25,0.0,2.475,60.5,0.0,0.0,0.001,36.319,0.0,0.0,0
2024-05-24 03:00:00,18.5,0.0,1.8,66.25,0.0,0.0,0.001,51.218,0.0,0.0,0
2024-05-24 04:00:00,17.975,0.0,1.5,69.75,0.0,0.0,0.001,53.835,0.0,0.0,0
2024-05-24 05:00:00,18.3,0.0,2.525,66.25,0.0,0.0,1.073,76.003,0.0,0.0,0
2024-05-24 06:00:00,18.7,0.0,3.05,64.5,0.0,0.017,22.361,81.42,0.0,0.0,0
2024-05-24 07:00:00,20.175,0.0,3.325,62.75,0.8,0.407,83.121,59.389,0.0,0.0,0
2024-05-24 08:00:00,21.525,0.0,3.125,63.0,0.95,1.07,158.601,49.225,0.0,0.0,0
2024-05-24 09:00:00,21.85,0.0,3.15,63.75,0.825,1.697,246.083,48.431,0.0,0.0,0
2024-05-24 10:00:00,22.875,0.0,4.025,58.75,0.925,2.447,304.964,60.629,0.0,0.0,0
2024-05-24 11:00:00,23.375,0.0,3.2,56.75,0.9,2.893,333.815,37.948,0.0,0.0,0
2024-05-24 12:00:00,24.025,0.0,3.75,55.0,1.0,3.413,347.261,9.832,0.0,10.0,1
2024-05-24 13:00:00,23.95,0.0,3.375,58.0,1.0,3.543,337.87,8.876,0.0,37.0,1
2024-05-24 14:00:00,23.925,0.0,3.55,58.0,1.0,3.453,310.704,13.054,0.0,35.0,1
2024-05-24 15:00:00,22.975,0.0,3.625,64.5,1.0,3.107,257.579,7.063,0.0,4.0,1
2024-05-24 16:00:00,23.35,0.0,3.425,58.0,1.0,2.597,182.346,7.276,0.0,0.0,0
2024-05-24 17:00:00,22.625,0.0,3.05,60.25,1.0,1.91,97.029,6.898,0.0,0.0,0
2024-05-24 18:00:00,21.575,0.0,2.95,68.5,1.0,1.127,34.05,9.185,0.0,0.0,0
2024-05-24 19:00:00,20.525,0.0,2.325,70.0,0.825,0.42,9.804,10.932,0.0,0.0,0
2024-05-24 20:00:00,19.225,0.0,2.0,76.75,0.0,0.033,6.842,7.78,0.0,0.0,0
2024-05-24 21:00:00,18.8,0.0,1.925,78.75,0.0,0.0,4.934,4.77,0.0,0.0,0
2024-05-24 22:00:00,18.775,0.0,2.25,83.75,0.0,0.0,1.334,6.565,0.0,0.0,0
2024-05-24 23:00:00,19.025,0.0,1.575,83.75,0.0,0.0,0.016,8.873,0.0,0.0,0
2024-05-25 00:00:00,18.9,0.0,1.75,83.25,0.0,0.0,0.0,5.739,0.0,0.0,0
2024-05-25 01:00:00,18.6,0.0,2.275,80.25,0.0,0.0,0.001,2.785,0.0,0.0,0
2024-05-25 02:00:00,18.725,0.0,2.65,83.25,0.0,0.0,0.001,3.632,0.0,0.0,0
2024-05-25 03:00:00,18.8,0.0,2.35,82.25,0.0,0.0,0.001,4.441,0.0,0.0,0
2024-05-25 04:00:00,18.55,0.0,2.675,81.75,0.0,0.0,0.0,6.684,0.0,0.0,0
2024-05-25 05:00:00,18.175,0.0,3.1,82.25,0.0,0.0,0.721,7.218,0.0,0.0,0
2024-05-25 06:00:00,18.075,0.0,3.15,83.25,0.0,0.013,20.297,13.215,0.0,0.0,0
2024-05-25 07:00:00,18.9,0.0,3.3,78.75,0.25,0.263,77.158,25.097,0.0,0.0,0
2024-05-25 08:00:00,20.35,0.0,3.75,74.0,0.875,0.977,150.891,29.652,0.0,0.0,0
2024-05-25 09:00:00,21.375,0.0,4.45,68.75,0.925,1.837,210.042,36.446,0.0,0.0,0
2024-05-25 10:00:00,21.65,0.0,3.425,70.0,0.775,2.52,255.781,32.649,0.0,0.0,0
2024-05-25 11:00:00,22.575,0.0,3.875,67.0,0.8,3.05,292.88,20.347,0.0,0.0,0
2024-05-25 12:00:00,23.275,0.0,3.975,66.0,0.95,3.38,292.32,10.336,0.0,10.0,1
2024-05-25 13:00:00,22.625,0.0,4.8,68.25,1.0,3.5,292.487,10.371,0.0,19.0,1
2024-05-25 14:00:00,23.0,0.0,4.425,65.25,1.0,3.39,283.72,11.139,0.0,19.0,1
2024-05-25 15:00:00,23.15,0.0,5.225,65.0,1.0,3.093,253.483,56.618,0.0,17.0,1
2024-05-25 16:00:00,22.7,0.0,5.075,63.0,1.0,2.567,176.837,65.975,0.0,0.0,0
2024-05-25 17:00:00,22.3,0.0,4.175,64.75,1.0,1.897,96.391,61.964,0.0,0.0,0
2024-05-25 18:00:00,22.2,0.0,3.825,60.5,1.0,1.16,32.779,48.0,0.0,0.0,0
2024-05-25 19:00:00,20.9,0.0,3.525,64.5,0.925,0.43,9.468,32.91,0.0,0.0,0
2024-05-25 20:00:00,19.925,0.0,3.875,66.0,0.025,0.03,6.858,31.553,0.0,0.0,0
2024-05-25 21:00:00,19.75,0.0,3.625,65.75,0.0,0.0,4.879,31.025,0.0,0.0,0
2024-05-25 22:00:00,19.525,0.0,4.0,71.5,0.0,0.0,1.277,35.27,0.0,0.0,0
2024-05-25 23:00:00,19.65,0.0,3.65,70.5,0.0,0.0,0.016,28.317,0.0,0.0,0
2024-05-26 00:00:00,19.325,0.0,3.275,74.5,0.0,0.0,0.0,33.229,0.0,0.0,0
2024-05-27 01:00:00,20.475,0.0,2.55,96.5,0.0,0.0,0.0,58.559,0.0,0.0,0
2024-05-27 02:00:00,20.075,0.2,2.775,96.25,0.0,0.0,0.0,62.678,0.0,0.0,0
2024-05-27 03:00:00,19.775,0.4,3.025,95.75,0.0,0.0,0.0,82.988,0.0,0.0,0
2024-05-27 04:00:00,19.625,0.0,2.625,94.75,0.0,0.0,0.0,83.038,0.0,0.0,0
2024-05-27 05:00:00,19.2,0.0,3.25,93.75,0.0,0.0,0.641,96.971,0.0,0.0,0
2024-05-27 06:00:00,18.925,0.0,3.625,92.25,0.0,0.003,22.206,152.145,0.0,0.0,0
2024-05-27 07:00:00,18.9,0.0,3.025,84.0,0.0,0.21,67.931,160.265,0.0,0.0,0
2024-05-27 08:00:00,19.4,0.0,3.275,76.75,0.025,0.57,105.992,164.534,0.0,0.0,0
2024-05-27 09:00:00,20.0,0.0,3.125,71.0,0.25,1.057,118.818,148.516,0.0,0.0,0
2024-05-27 10:00:00,20.325,0.0,3.35,66.5,0.15,1.223,167.998,136.419,0.0,0.0,0
2024-05-27 11:00:00,20.85,0.0,3.325,57.75,0.475,1.92,268.303,101.075,0.0,0.0,0
2024-05-27 12:00:00,22.375,0.0,3.55,51.25,0.575,2.553,212.671,78.538,0.0,10.0,1
2024-05-27 13:00:00,22.2,0.0,3.425,49.5,0.25,1.777,192.899,64.32,0.0,0.0,0
2024-05-27 14:00:00,22.125,0.0,3.325,51.75,0.325,2.087,102.892,58.068,0.0,0.0,0
2024-05-27 15:00:00,21.2,0.2,2.725,60.0,0.075,0.967,65.455,45.652,0.0,0.0,0
2024-05-27 16:00:00,20.525,0.0,2.525,63.0,0.0,0.577,48.448,80.703,0.0,0.0,0
2024-05-27 17:00:00,20.225,0.0,2.925,61.75,0.0,0.433,26.72,82.509,0.0,0.0,0
2024-05-27 18:00:00,20.05,0.0,3.0,61.5,0.0,0.243,10.537,103.269,0.0,0.0,0
2024-05-27 19:00:00,19.6,0.0,3.375,61.5,0.0,0.067,5.984,126.902,0.0,0.0,0
2024-05-27 20:00:00,19.25,0.0,3.275,62.75,0.0,0.003,4.666,109.506,0.0,0.0,0
2024-05-27 21:00:00,19.15,0.0,2.825,60.75,0.0,0.0,2.269,108.96,0.0,0.0,0
2024-05-27 22:00:00,18.95,0.0,2.35,64.75,0.0,0.0,0.34,108.791,0.0,0.0,0
2024-05-27 23:00:00,18.5,0.05,3.375,60.75,0.0,0.0,0.016,128.518,0.0,0.0,0
2024-05-28 00:00:00,18.25,0.0,2.675,69.25,0.0,0.0,0.0,102.364,0.0,0.0,0
2024-05-28 01:00:00,18.15,0.0,2.525,64.5,0.0,0.0,0.0,83.298,0.0,0.0,0
2024-05-28 02:00:00,17.925,0.0,2.725,60.75,0.0,0.0,0.0,97.079,0.0,0.0,0
2024-05-28 03:00:00,17.625,0.0,3.1,61.0,0.0,0.0,0.0,153.47,0.0,0.0,0
2024-05-28 04:00:00,17.2,0.0,3.425,65.0,0.0,0.0,0.0,173.102,0.0,0.0,0
2024-05-28 05:00:00,17.05,0.0,4.025,66.0,0.0,0.0,1.138,188.68,0.0,0.0,0
2024-05-28 06:00:00,16.95,0.0,3.75,66.75,0.0,0.007,16.882,148.763,0.0,0.0,0
2024-05-28 07:00:00,17.175,0.0,2.675,67.25,0.075,0.197,84.474,140.064,0.0,0.0,0
2024-05-28 08:00:00,19.35,0.0,3.375,61.75,0.875,1.083,188.26,157.895,0.0,0.0,0
2024-05-28 09:00:00,20.475,0.0,4.225,56.75,1.0,2.003,267.803,123.47,0.0,0.0,0
2024-05-28 10:00:00,21.225,0.0,4.075,54.5,1.0,2.697,322.525,64.542,0.0,14.0,1
2024-05-28 11:00:00,21.775,0.0,4.45,55.25,1.0,3.233,348.05,19.824,0.0,68.0,1
2024-05-28 12:00:00,22.275,0.0,5.825,57.75,1.0,3.59,339.67,7.733,0.0,113.0,1
2024-05-28 13:00:00,22.6,0.0,5.675,55.5,1.0,3.697,333.972,9.081,0.0,123.0,1
2024-05-28 14:00:00,22.825,0.0,5.375,55.0,1.0,3.607,315.95,31.712,0.0,123.0,1
2024-05-28 15:00:00,22.35,0.0,4.475,58.75,1.0,3.27,270.161,43.403,0.0,46.0,1
2024-05-28 16:00:00,21.85,0.0,3.8,58.5,0.975,2.747,193.493,33.504,0.0,2.0,1
2024-05-28 17:00:00,21.6,0.0,3.825,58.25,0.875,1.99,107.526,31.494,0.0,0.0,0
2024-05-28 18:00:00,21.075,0.0,3.7,61.75,1.0,1.293,33.544,38.934,0.0,0.0,0
2024-05-28 19:00:00,19.725,0.0,3.0,65.5,0.95,0.527,9.164,43.156,0.0,0.0,0
2024-05-28 20:00:00,18.45,0.0,2.95,72.5,0.125,0.04,6.374,30.269,0.0,0.0,0
2024-05-28 21:00:00,17.8,0.0,3.05,76.5,0.0,0.0,4.404,21.739,0.0,0.0,0
2024-05-28 22:00:00,17.4,0.0,2.45,77.0,0.0,0.0,1.208,1.196,0.0,0.0,0
2024-05-28 23:00:00,16.975,0.0,2.25,74.25,0.0,0.0,0.018,0.002,0.0,0.0,0
2024-05-29 00:00:00,16.65,0.0,1.675,73.75,0.0,0.0,0.0,0.0,0.0,0.0,0
2024-05-30 01:00:00,17.3,0.0,2.25,62.75,0.0,0.0,0.001,1.754,0.0,0.0,0
2024-05-30 02:00:00,17.075,0.0,2.05,61.0,0.0,0.0,0.001,0.209,0.0,0.0,0
2024-05-30 03:00:00,16.8,0.0,1.425,59.0,0.0,0.0,0.0,0.236,0.0,0.0,0
2024-05-30 04:00:00,16.575,0.0,1.175,63.25,0.0,0.0,0.0,0.179,0.0,0.0,0
2024-05-30 05:00:00,16.675,0.0,1.725,63.75,0.0,0.0,0.445,1.133,0.0,0.0,0
2024-05-30 06:00:00,16.95,0.0,1.65,65.25,0.0,0.01,18.059,1.835,0.0,0.0,0
2024-05-30 07:00:00,17.675,0.0,1.6,64.5,0.025,0.23,64.316,1.957,0.0,0.0,0
2024-05-30 08:00:00,19.05,0.0,1.675,74.5,0.25,0.67,71.698,6.254,0.0,0.0,0
2024-05-30 09:00:00,19.9,0.0,2.1,74.25,0.0,0.703,141.77,22.001,0.0,0.0,0
2024-05-30 10:00:00,21.3,0.0,2.25,68.5,0.2,1.417,221.45,25.615,0.0,0.0,0
2024-05-30 11:00:00,22.7,0.0,2.85,60.5,0.55,2.257,308.349,11.032,0.0,0.0,0
2024-05-30 12:00:00,23.075,0.0,3.1,62.0,0.95,3.32,279.999,5.603,0.0,3.0,1
2024-05-30 13:00:00,22.75,0.0,3.2,62.0,0.875,3.233,167.543,9.552,0.0,8.0,1
2024-05-30 14:00:00,22.575,0.0,3.15,65.0,0.3,1.497,196.655,6.971,0.0,0.0,0
2024-05-30 15:00:00,22.9,0.0,2.8,67.0,0.425,2.17,142.64,6.474,0.0,0.0,0
2024-05-30 16:00:00,22.375,0.0,2.4,68.75,0.175,1.517,82.74,4.055,0.0,0.0,0
2024-05-30 17:00:00,21.45,0.0,2.575,73.25,0.0,0.727,31.002,3.005,0.0,0.0,0
2024-05-30 18:00:00,20.975,0.0,2.075,75.0,0.0,0.257,20.54,4.327,0.0,0.0,0
2024-05-30 19:00:00,20.825,0.0,1.175,73.25,0.0,0.163,7.594,3.462,0.0,0.0,0
2024-05-30 20:00:00,20.475,0.0,0.95,75.5,0.0,0.007,6.203,1.619,0.0,0.0,0
2024-05-30 21:00:00,20.175,0.075,1.4,80.5,0.0,0.0,3.342,1.573,0.0,0.0,0
2024-05-30 22:00:00,19.7,0.25,1.7,84.5,0.0,0.0,0.277,8.261,0.0,0.0,0
2024-05-30 23:00:00,19.5,0.125,1.35,86.75,0.0,0.0,0.0,8.676,0.0,0.0,0
2024-05-31 00:00:00,19.075,0.825,1.6,88.25,0.0,0.0,0.0,1.886,0.0,0.0,0
